DropletID,CenterX,CenterY,Area,OverlappedDropletsID
1,0,80,13,[3]
2,0,245,13,[]
3,1,82,16,[1]
4,1,199,14,[]
5,1,340,17,[10]
6,2,216,12,[8]
7,3,177,11,[]
8,3,221,16,[6]
9,4,94,11,[]
10,4,340,17,[5]
11,4,399,10,[]
12,4,421,17,[15]
13,5,64,13,[16]
14,7,308,8,[]
15,8,415,13,[12]
16,10,68,18,[13]
17,10,330,10,[]
18,11,166,18,"[23, 27]"
19,12,239,17,[22]
20,13,181,17,[]
21,14,391,10,[]
22,15,230,14,[19]
23,17,161,6,"[18, 27]"
24,18,204,9,[]
25,18,302,16,"[29, 31]"
26,20,120,17,[]
27,20,163,16,"[18, 23]"
28,20,431,16,[]
29,21,304,15,"[25, 31]"
30,22,88,12,[35]
31,22,302,19,"[25, 29]"
32,24,19,16,"[36, 50]"
33,25,224,20,[37]
34,25,328,4,[]
35,26,87,16,[30]
36,27,27,16,"[32, 50]"
37,27,215,15,"[33, 47, 53]"
38,28,48,13,[55]
39,28,248,10,[44]
40,28,291,10,[]
41,28,410,19,[57]
42,29,349,7,[45]
43,29,381,14,[]
44,30,242,11,[39]
45,30,349,12,[42]
46,31,139,21,[]
47,31,213,7,"[53, 37]"
48,31,275,19,[]
49,32,0,15,"[59, 60]"
50,32,17,16,"[59, 32, 36]"
51,32,150,12,[]
52,33,91,4,[]
53,33,213,10,"[47, 61, 37]"
54,33,396,17,[]
55,34,52,22,[38]
56,35,81,13,[62]
57,35,407,15,[41]
58,36,290,15,[]
59,37,10,19,"[49, 50, 60, 69]"
60,38,5,27,"[49, 59]"
61,38,214,22,[53]
62,39,76,11,[56]
63,41,238,15,[]
64,41,462,10,[]
65,42,59,12,[]
66,42,173,13,[79]
67,43,107,11,[71]
68,43,361,16,[]
69,44,16,9,[59]
70,44,38,10,[78]
71,45,106,21,"[67, 72]"
72,45,116,10,"[71, 75]"
73,45,286,15,[83]
74,45,412,24,"[82, 77]"
75,46,123,18,[72]
76,46,199,13,[]
77,46,416,17,"[82, 74]"
78,47,32,17,[70]
79,47,181,15,[66]
80,48,229,20,[90]
81,49,10,10,[]
82,50,419,8,"[74, 77]"
83,51,285,8,[73]
84,52,350,9,[]
85,53,264,9,[]
86,54,68,18,[]
87,55,46,8,[]
88,55,464,20,[]
89,56,212,14,[95]
90,58,230,10,[80]
91,58,272,13,[]
92,58,391,20,[101]
93,58,405,13,[]
94,59,310,4,"[99, 100]"
95,60,215,14,"[89, 104]"
96,60,434,12,[]
97,62,141,13,[110]
98,63,100,17,[]
99,64,305,21,"[94, 100, 105, 106, 119]"
100,64,309,19,"[94, 99, 105, 106, 119]"
101,64,393,9,[92]
102,65,284,18,[]
103,66,56,11,[116]
104,66,225,17,"[95, 118]"
105,66,301,7,"[99, 100, 106]"
106,66,306,9,"[99, 100, 105, 119]"
107,66,449,12,[112]
108,68,45,13,[109]
109,69,47,9,[108]
110,70,143,17,[97]
111,70,339,18,"[114, 127, 128]"
112,70,444,16,[107]
113,71,8,13,"[122, 129]"
114,71,348,17,"[111, 120, 128]"
115,72,0,3,[]
116,72,57,11,[103]
117,72,199,15,"[126, 133]"
118,72,223,11,[104]
119,72,308,15,"[99, 100, 106]"
120,72,351,9,[114]
121,72,430,10,[]
122,73,12,18,"[113, 129, 139, 141]"
123,74,94,17,[137]
124,74,397,13,[]
125,75,182,16,[]
126,75,206,17,"[117, 133]"
127,75,331,15,[111]
128,75,342,9,"[111, 114]"
129,77,9,17,"[113, 122, 139, 141]"
130,77,40,9,[143]
131,78,31,7,[142]
132,78,167,14,[]
133,78,205,10,"[117, 126]"
134,78,279,24,[]
135,79,430,7,[]
136,80,69,17,[]
137,80,85,18,[123]
138,80,421,11,[144]
139,81,12,12,"[122, 129, 141]"
140,81,322,15,[]
141,83,11,16,"[122, 129, 139]"
142,83,35,12,"[131, 143]"
143,86,38,17,"[130, 142, 159]"
144,86,421,7,[138]
145,87,188,17,"[150, 156, 157, 160]"
146,87,234,15,[151]
147,87,272,20,[148]
148,88,271,8,[147]
149,88,461,9,[]
150,89,181,11,[145]
151,89,227,9,[146]
152,90,81,9,[]
153,90,119,18,[]
154,90,347,12,[]
155,92,49,17,[]
156,93,195,18,"[157, 160, 145]"
157,93,198,19,"[156, 160, 172, 145]"
158,94,346,22,[]
159,96,33,12,[143]
160,96,192,19,"[156, 157, 145]"
161,96,361,14,[]
162,97,11,5,[]
163,97,304,12,[]
164,98,159,13,[]
165,98,215,15,[172]
166,99,89,17,[173]
167,99,256,11,[]
168,99,414,15,[]
169,99,462,10,[]
170,100,280,13,[182]
171,101,74,12,[176]
172,101,207,18,"[157, 165]"
173,103,87,11,[166]
174,103,173,18,[]
175,107,50,14,[]
176,107,73,9,"[171, 179]"
177,108,197,17,[181]
178,108,333,16,[188]
179,109,71,8,"[176, 192]"
180,110,120,13,[]
181,110,191,4,[177]
182,110,273,19,"[170, 184]"
183,110,323,8,[188]
184,111,274,17,[182]
185,112,90,7,[]
186,112,101,15,[]
187,112,242,16,[190]
188,112,328,20,"[178, 183]"
189,112,371,17,[]
190,113,246,17,[187]
191,113,286,12,[]
192,115,71,14,"[179, 199, 200]"
193,116,219,16,[]
194,116,445,15,[195]
195,116,454,10,[194]
196,117,1,11,[]
197,118,160,27,[]
198,119,307,18,[]
199,121,72,13,"[192, 200, 206]"
200,123,72,16,"[192, 199, 206]"
201,124,227,13,[210]
202,124,463,11,[]
203,125,16,13,[205]
204,125,88,17,[206]
205,126,20,8,[203]
206,126,80,15,"[199, 200, 204, 207]"
207,126,81,3,[206]
208,126,154,9,[]
209,128,97,17,[]
210,128,225,18,[201]
211,128,447,19,[216]
212,129,281,12,[]
213,129,317,12,[]
214,129,430,15,[]
215,130,330,21,[]
216,131,452,12,[211]
217,133,145,13,[]
218,133,243,16,[231]
219,134,116,19,"[224, 225, 226, 243]"
220,134,204,9,[]
221,135,400,13,[]
222,137,360,13,[223]
223,137,367,17,[222]
224,138,118,12,"[219, 225, 226, 243]"
225,139,108,23,"[219, 224, 226, 243]"
226,139,109,16,"[219, 224, 225, 243]"
227,139,231,8,[]
228,139,264,13,[]
229,140,11,23,[237]
230,140,41,12,[]
231,140,248,12,[218]
232,141,59,16,[244]
233,141,218,3,[]
234,142,335,9,[]
235,143,313,18,[248]
236,143,380,16,"[240, 249]"
237,144,3,13,[229]
238,144,152,10,[]
239,145,289,13,[]
240,145,388,12,[236]
241,146,28,17,[]
242,146,73,10,"[250, 252]"
243,146,111,20,"[219, 224, 225, 226]"
244,147,64,17,"[232, 250, 252]"
245,147,163,16,[]
246,147,174,7,[]
247,147,349,19,[254]
248,148,315,6,[235]
249,149,372,17,[236]
250,151,69,16,"[242, 244, 252]"
251,152,445,16,[262]
252,153,65,19,"[242, 244, 250]"
253,155,233,7,[]
254,155,351,7,[247]
255,158,273,16,[]
256,159,318,9,[]
257,159,412,7,[]
258,161,192,14,[]
259,161,467,17,[]
260,162,51,16,[]
261,162,135,9,[]
262,162,445,13,"[251, 264, 265, 266]"
263,163,287,19,[276]
264,164,436,19,"[262, 265, 266, 280]"
265,164,447,12,"[262, 264, 266]"
266,165,441,9,"[262, 264, 265]"
267,165,456,18,[]
268,166,206,12,[282]
269,166,262,15,[]
270,167,111,10,[]
271,167,297,6,[]
272,167,367,15,[]
273,167,394,4,[]
274,169,123,11,[]
275,169,240,14,"[279, 283]"
276,169,289,7,[263]
277,169,338,13,[]
278,170,22,11,[]
279,171,243,21,[275]
280,171,431,16,"[293, 264]"
281,172,68,15,"[288, 294]"
282,172,204,16,"[305, 268]"
283,174,240,17,"[302, 275]"
284,174,403,17,[297]
285,174,416,10,[304]
286,175,41,21,[287]
287,175,42,12,[286]
288,175,64,21,[281]
289,175,323,14,[]
290,176,299,15,[]
291,177,358,15,"[296, 307]"
292,177,391,16,[]
293,177,428,8,[280]
294,178,81,20,"[281, 300]"
295,178,175,18,[]
296,178,360,17,"[291, 307]"
297,178,402,11,[284]
298,180,130,10,[]
299,180,373,17,[]
300,181,79,16,[294]
301,181,231,8,[]
302,181,242,14,[283]
303,183,0,21,[]
304,183,414,19,[285]
305,184,204,18,[282]
306,185,94,10,[]
307,185,351,20,"[291, 296, 318]"
308,186,165,17,[309]
309,187,163,15,[308]
310,188,181,11,"[320, 322]"
311,188,230,10,[]
312,188,255,18,[]
313,188,301,10,[317]
314,189,333,14,[]
315,190,397,20,[]
316,190,452,15,[]
317,191,299,15,[313]
318,191,352,7,[307]
319,192,63,10,[]
320,192,177,16,"[310, 322]"
321,196,140,11,[]
322,196,182,12,"[310, 320]"
323,197,205,9,[]
324,199,107,9,[]
325,200,75,28,"[331, 337, 353]"
326,200,152,13,[332]
327,200,326,15,"[334, 338]"
328,201,265,13,[]
329,201,463,5,[]
330,202,280,18,"[336, 339]"
331,203,64,18,"[325, 340]"
332,203,155,13,"[326, 349]"
333,204,35,16,[]
334,204,339,19,"[327, 338]"
335,205,168,13,[]
336,205,287,14,"[330, 339, 342, 350]"
337,206,75,9,"[325, 353]"
338,207,329,18,"[327, 334]"
339,208,289,17,"[330, 336, 342, 350]"
340,209,54,15,[331]
341,209,132,15,[]
342,209,291,17,"[336, 339, 343, 350]"
343,209,299,17,"[342, 350]"
344,210,184,7,[]
345,210,211,17,[]
346,210,382,16,[]
347,212,107,21,[]
348,212,145,10,"[349, 357]"
349,212,152,16,"[332, 348, 357, 363]"
350,212,289,18,"[336, 339, 342, 343]"
351,214,175,15,[]
352,215,94,11,[]
353,216,77,23,"[325, 337]"
354,217,25,24,[]
355,217,272,14,[358]
356,218,44,20,[367]
357,218,144,21,"[348, 349, 361, 363]"
358,218,281,13,[355]
359,220,312,10,[]
360,220,411,4,[]
361,221,141,9,[357]
362,221,254,14,[373]
363,222,158,20,"[349, 357]"
364,223,381,14,[]
365,225,88,9,[]
366,226,454,21,[376]
367,227,36,21,[356]
368,227,437,12,[]
369,227,467,8,[]
370,228,119,9,[371]
371,228,126,18,[370]
372,228,265,14,[373]
373,230,259,12,"[362, 372]"
374,230,354,11,[]
375,231,231,13,[]
376,231,456,12,[366]
377,233,346,11,[]
378,237,170,4,[]
379,237,255,7,"[383, 385]"
380,238,10,16,[]
381,239,106,8,[]
382,241,157,14,"[390, 395]"
383,241,255,24,"[379, 385, 396]"
384,242,38,18,"[386, 388, 389]"
385,242,254,11,"[379, 383, 396]"
386,243,47,9,"[384, 388, 389]"
387,243,79,18,"[391, 408]"
388,244,41,15,"[384, 386, 389]"
389,244,49,17,"[384, 386, 388]"
390,244,158,15,"[382, 395]"
391,245,74,7,[387]
392,245,437,14,[]
393,246,7,3,[]
394,246,101,6,[]
395,246,156,19,"[382, 390]"
396,246,264,23,"[383, 385, 399]"
397,246,403,14,[403]
398,246,461,19,[]
399,248,274,20,[396]
400,248,355,20,"[407, 410]"
401,248,391,10,[403]
402,249,232,22,[]
403,249,398,12,"[397, 401]"
404,250,342,16,[425]
405,251,309,26,[420]
406,251,372,16,[]
407,252,356,10,"[400, 410]"
408,253,85,15,[387]
409,253,146,12,[]
410,253,358,15,"[400, 407]"
411,254,136,13,[]
412,255,46,11,[]
413,255,168,10,[]
414,256,2,5,[]
415,258,282,9,[]
416,258,330,19,"[422, 425, 428]"
417,258,417,16,[]
418,259,128,7,[]
419,259,406,11,[]
420,260,309,13,[405]
421,260,363,4,[]
422,261,323,7,"[416, 428]"
423,261,434,11,[]
424,262,291,21,[]
425,262,339,18,"[404, 416, 440]"
426,263,154,4,[]
427,263,217,19,[]
428,263,319,18,"[416, 422, 435]"
429,263,459,17,[436]
430,266,243,12,[]
431,268,380,12,"[432, 441]"
432,268,381,9,"[431, 441]"
433,269,89,17,[]
434,269,278,10,[]
435,269,321,5,[428]
436,269,462,10,[429]
437,270,194,23,"[439, 443]"
438,270,209,9,[]
439,271,188,15,"[437, 450]"
440,271,348,21,"[425, 446]"
441,272,380,19,"[431, 432]"
442,276,71,16,[]
443,276,197,5,[437]
444,277,23,15,[]
445,277,329,17,"[446, 447]"
446,277,338,20,"[440, 445]"
447,278,323,21,[445]
448,279,165,12,[]
449,279,206,14,[]
450,280,185,15,"[439, 452, 455, 461]"
451,280,399,16,"[454, 463]"
452,281,181,5,"[450, 455, 461]"
453,281,226,14,[]
454,281,404,8,[451]
455,282,178,23,"[450, 452, 458, 461]"
456,282,355,5,[]
457,282,415,19,"[465, 466]"
458,283,174,10,[455]
459,284,120,20,[]
460,284,268,16,[]
461,285,181,8,"[450, 452, 455]"
462,285,300,7,[]
463,286,399,10,[451]
464,287,196,25,[]
465,287,420,13,"[457, 466, 468]"
466,287,423,19,"[457, 465, 468]"
467,287,453,5,[]
468,288,427,24,"[465, 466]"
469,291,318,15,[]
470,293,47,19,[]
471,293,285,18,[]
472,295,174,17,[]
473,296,162,21,[474]
474,298,163,14,[473]
475,299,384,9,[]
476,299,462,13,[]
477,300,110,9,[]
478,300,127,8,[]
479,300,203,14,"[480, 486]"
480,301,194,22,"[479, 486]"
481,301,337,7,[]
482,301,414,17,[489]
483,302,182,7,[]
484,305,75,24,[]
485,306,176,9,[]
486,306,203,13,"[479, 480, 500]"
487,306,321,18,[506]
488,307,144,22,[490]
489,307,405,19,[482]
490,308,150,15,[488]
491,309,25,14,[511]
492,309,52,16,[497]
493,310,93,8,[]
494,310,275,14,[]
495,310,286,13,[]
496,310,302,9,[]
497,313,48,24,[492]
498,313,206,8,[500]
499,314,112,17,[502]
500,314,205,13,"[486, 498]"
501,315,8,19,"[507, 511]"
502,315,121,15,[499]
503,315,164,19,[]
504,315,266,13,[508]
505,315,430,7,[]
506,316,327,14,[487]
507,317,15,18,"[501, 511, 528]"
508,317,263,6,[504]
509,317,392,13,[]
510,317,446,12,"[515, 524]"
511,318,19,20,"[491, 501, 507, 528]"
512,319,76,18,[516]
513,319,340,13,[]
514,321,359,12,[521]
515,321,445,18,"[510, 524]"
516,322,86,14,[512]
517,322,259,13,[]
518,323,48,11,[]
519,324,62,12,[535]
520,324,308,5,[]
521,324,358,7,[514]
522,325,289,12,[]
523,325,348,12,[538]
524,325,439,19,"[510, 515]"
525,327,32,17,[534]
526,327,169,19,[529]
527,327,199,5,[]
528,328,13,16,"[507, 511]"
529,329,173,19,[526]
530,329,399,16,"[533, 536]"
531,331,145,14,[]
532,332,121,12,[]
533,332,399,6,"[536, 530]"
534,333,32,9,[525]
535,333,64,13,"[537, 540, 543, 519]"
536,333,397,18,"[533, 549, 530]"
537,334,62,15,"[535, 540, 543]"
538,334,352,18,"[539, 523]"
539,335,354,19,[538]
540,336,68,14,"[535, 537, 543]"
541,338,277,10,[]
542,339,96,19,[544]
543,340,61,18,"[535, 537, 540, 563]"
544,340,98,9,[542]
545,342,125,9,[]
546,342,466,10,[]
547,343,109,8,[555]
548,343,211,13,[]
549,343,394,12,[536]
550,344,200,12,[]
551,344,442,19,[]
552,345,178,10,[]
553,346,41,11,[]
554,346,245,9,[]
555,347,115,20,[547]
556,349,325,12,[]
557,349,336,5,[]
558,350,9,16,[570]
559,350,421,12,[]
560,351,65,9,[563]
561,351,208,8,[]
562,351,270,16,[566]
563,352,56,19,"[543, 560, 565]"
564,353,235,18,[574]
565,354,49,14,"[563, 573]"
566,354,271,9,[562]
567,355,30,27,[573]
568,355,410,12,[]
569,356,105,8,[]
570,357,5,15,"[558, 572]"
571,357,141,14,[]
572,359,10,6,[570]
573,360,40,20,"[565, 567, 594]"
574,360,239,14,[564]
575,360,316,20,[]
576,360,427,17,"[582, 583, 584]"
577,361,18,18,"[581, 598, 603]"
578,361,124,14,"[590, 592]"
579,362,69,14,[]
580,362,198,9,[]
581,363,22,15,"[577, 594, 603]"
582,364,418,24,[576]
583,364,429,12,"[576, 584, 606]"
584,364,434,23,"[576, 583, 585, 602, 606, 615, 623]"
585,364,438,8,[584]
586,365,110,16,"[589, 592]"
587,365,141,10,"[599, 600]"
588,365,387,6,[601]
589,366,113,14,"[586, 592]"
590,366,133,13,"[578, 592, 599, 616]"
591,366,262,4,[]
592,367,123,23,"[578, 586, 589, 590, 616, 627]"
593,367,268,12,[]
594,368,32,19,"[573, 581, 610]"
595,368,80,7,[605]
596,368,161,14,[]
597,368,450,24,"[602, 607, 630]"
598,370,15,10,"[577, 603]"
599,370,142,22,"[587, 590, 600, 616]"
600,370,144,14,"[587, 599, 616]"
601,371,393,19,[588]
602,371,444,22,"[584, 597, 607, 617]"
603,373,17,16,"[577, 581, 598, 619, 637]"
604,373,55,13,[]
605,373,79,10,[595]
606,373,433,18,"[583, 584, 609, 615, 617, 623, 643]"
607,373,450,11,"[597, 602, 630]"
608,374,301,8,"[628, 635]"
609,374,439,4,"[606, 617, 623]"
610,375,35,19,"[594, 619]"
611,375,99,21,[]
612,375,331,8,[]
613,375,356,13,[]
614,375,407,6,[]
615,375,431,13,"[584, 606, 623]"
616,376,134,19,"[590, 592, 599, 600, 627, 631]"
617,376,438,11,"[602, 606, 609, 623, 643]"
618,377,8,11,[637]
619,377,23,22,"[603, 610, 637]"
620,377,248,14,[]
621,377,268,14,[]
622,377,314,16,"[624, 636, 642]"
623,377,434,17,"[584, 606, 609, 615, 617, 643]"
624,378,322,9,"[622, 642]"
625,378,337,8,[]
626,378,465,10,[]
627,379,124,17,"[592, 616]"
628,379,302,15,"[608, 635, 642, 646]"
629,380,154,12,[645]
630,380,455,20,"[597, 607]"
631,381,138,6,[616]
632,381,170,21,"[638, 645]"
633,381,202,17,[641]
634,382,1,17,[]
635,382,296,18,"[608, 628, 646, 647]"
636,382,314,12,"[622, 642]"
637,383,14,20,"[603, 618, 619]"
638,384,173,13,[632]
639,385,374,13,[]
640,385,402,5,[]
641,386,205,10,[633]
642,386,313,23,"[622, 624, 628, 636, 646, 647]"
643,386,439,21,"[606, 617, 623, 648]"
644,388,104,4,[]
645,388,157,19,"[629, 632, 653]"
646,389,302,16,"[628, 635, 642, 647]"
647,389,302,10,"[635, 642, 646]"
648,389,437,6,[643]
649,390,231,8,[]
650,390,419,14,[652]
651,392,273,9,[656]
652,393,413,22,"[650, 655]"
653,394,153,15,[645]
654,394,402,17,[655]
655,394,404,14,"[652, 654]"
656,395,268,15,[651]
657,396,53,15,[669]
658,396,170,11,[]
659,398,462,17,[]
660,399,127,9,[]
661,399,390,16,"[666, 674]"
662,401,353,26,"[665, 680]"
663,401,376,10,[]
664,402,85,10,[]
665,402,357,12,[662]
666,402,392,8,"[661, 684]"
667,403,5,17,[]
668,403,261,7,[]
669,404,51,19,[657]
670,404,201,15,"[677, 681]"
671,404,214,13,[672]
672,405,215,11,[671]
673,406,143,15,[]
674,406,382,11,[661]
675,407,338,21,"[678, 691]"
676,407,371,12,[]
677,408,206,9,"[670, 681]"
678,408,341,13,[675]
679,409,119,10,[]
680,410,353,15,[662]
681,411,208,10,"[670, 677]"
682,411,270,13,[]
683,411,305,24,[]
684,411,394,17,[666]
685,412,89,8,[]
686,413,130,7,[]
687,416,61,17,[]
688,416,153,18,[705]
689,416,442,15,"[692, 697]"
690,417,73,15,[]
691,418,343,14,[675]
692,418,444,27,"[689, 697]"
693,419,100,15,[]
694,423,111,9,[]
695,423,270,10,[701]
696,423,289,17,[710]
697,423,440,24,"[689, 692, 704]"
698,424,313,14,[702]
699,424,329,10,[]
700,425,36,15,[]
701,425,270,21,[695]
702,425,309,21,[698]
703,425,372,16,[]
704,425,438,11,[697]
705,426,145,16,"[688, 720, 721]"
706,426,196,14,[]
707,427,415,13,[]
708,428,176,8,[]
709,428,248,7,[725]
710,429,288,9,"[696, 716]"
711,430,90,17,[715]
712,430,343,10,[717]
713,431,467,18,[]
714,432,50,13,[]
715,432,99,15,[711]
716,432,292,11,[710]
717,432,340,6,[712]
718,432,453,17,[729]
719,433,72,9,[]
720,433,153,13,"[705, 721]"
721,435,149,15,"[705, 720]"
722,435,220,16,[731]
723,435,241,14,"[724, 725]"
724,435,244,13,"[723, 725]"
725,435,245,17,"[709, 723, 724]"
726,437,170,16,[]
727,437,363,18,[]
728,438,21,11,[]
729,438,443,15,[718]
730,439,162,9,[]
731,439,222,12,[722]
732,443,200,5,[]
733,443,296,16,[]
734,444,263,22,"[740, 749]"
735,444,314,9,[736]
736,444,320,13,[735]
737,447,175,9,[]
738,447,387,14,[743]
739,448,132,15,[]
740,449,264,11,"[734, 749]"
741,450,361,16,[742]
742,450,361,12,[741]
743,450,387,9,[738]
744,450,444,9,[]
745,451,238,25,[]
746,453,24,8,[]
747,453,108,9,[751]
748,453,212,9,[752]
749,453,257,20,"[734, 740, 753, 755, 758]"
750,453,275,12,[754]
751,454,108,16,[747]
752,456,211,8,[748]
753,456,256,11,"[749, 755, 758]"
754,456,282,13,[750]
755,457,253,19,"[749, 753, 758]"
756,458,121,5,[]
757,458,138,12,[763]
758,460,262,14,"[749, 753, 755]"
759,460,421,8,[]
760,461,50,19,[]
761,464,452,13,[]
762,465,237,15,[]
763,467,132,20,[757]
764,468,106,21,[773]
765,468,180,13,"[776, 781]"
766,469,66,13,[]
767,469,78,9,[]
768,471,209,7,[]
769,472,397,12,[778]
770,473,446,20,[]
771,474,31,6,[]
772,474,460,14,[]
773,475,103,13,"[764, 783]"
774,475,117,9,[783]
775,475,153,17,[]
776,475,182,8,"[765, 781]"
777,477,217,13,[]
778,477,397,12,[769]
779,478,77,13,[]
780,478,125,14,[]
781,478,183,18,"[765, 776, 784]"
782,479,86,10,[]
783,481,111,15,"[773, 774, 787]"
784,483,175,18,[781]
785,483,313,21,"[786, 788]"
786,483,319,12,"[785, 788]"
787,485,113,20,"[783, 795]"
788,487,314,18,"[785, 786]"
789,488,451,15,[792]
790,489,63,16,[791]
791,489,65,11,[790]
792,489,454,8,[789]
793,490,92,7,[]
794,491,4,17,[799]
795,491,112,15,"[787, 807]"
796,492,272,11,[]
797,492,336,8,[802]
798,493,359,17,[809]
799,494,3,12,[794]
800,494,174,7,[]
801,495,297,10,[805]
802,495,340,13,[797]
803,496,460,7,[]
804,497,124,13,"[812, 818, 821]"
805,497,299,11,[801]
806,498,224,13,[]
807,499,116,12,"[795, 812]"
808,499,378,9,[]
809,500,352,19,"[798, 816, 825, 829]"
810,500,386,13,[811]
811,500,389,14,"[810, 827]"
812,501,123,21,"[804, 807, 818, 821]"
813,501,307,9,[]
814,501,446,21,[831]
815,502,47,10,[817]
816,502,348,12,"[809, 825, 829]"
817,503,43,11,[815]
818,503,126,14,"[804, 812, 821]"
819,503,328,10,[]
820,503,410,12,[827]
821,504,127,15,"[804, 812, 818]"
822,504,146,17,[]
823,505,167,9,[]
824,505,235,22,[]
825,505,353,14,"[809, 816, 829]"
826,507,210,20,[]
827,507,401,20,"[811, 820, 832]"
828,507,426,12,[]
829,508,348,14,"[809, 816, 825]"
830,509,101,16,[836]
831,509,440,17,"[814, 833, 837]"
832,511,399,6,[827]
833,513,437,20,"[831, 837]"
834,514,30,3,[]
835,514,159,19,[]
836,515,98,14,[830]
837,516,447,24,"[831, 833]"
838,517,321,15,"[842, 843, 844, 847, 855]"
839,518,238,4,[852]
840,519,40,22,[]
841,519,219,15,[]
842,519,314,13,[838]
843,519,332,19,"[838, 844, 847, 855]"
844,519,332,19,"[838, 843, 847, 855]"
845,519,361,13,"[848, 851, 858]"
846,519,423,8,[]
847,522,325,10,"[838, 843, 844, 855]"
848,522,369,12,[845]
849,523,12,16,[]
850,523,87,21,[]
851,523,354,17,"[845, 858]"
852,524,242,16,"[839, 853]"
853,524,249,21,"[852, 857, 865]"
854,524,413,13,[859]
855,526,326,17,"[838, 843, 844, 847]"
856,527,460,12,[860]
857,528,258,15,[853]
858,528,354,19,"[845, 851, 869]"
859,529,416,12,[854]
860,529,456,11,[856]
861,531,191,17,[]
862,531,287,11,[]
863,531,437,5,[]
864,533,25,8,[]
865,533,247,10,"[853, 867]"
866,534,222,16,[]
867,534,245,5,[865]
868,536,399,13,[]
869,538,353,13,[858]
870,540,363,15,[]
871,541,221,3,[]
872,541,372,6,[]
873,542,52,10,[]
874,542,312,15,[]
875,544,71,10,[879]
876,544,157,16,[]
877,544,421,18,[881]
878,546,48,4,[]
879,546,72,13,[875]
880,546,210,9,[]
881,546,420,18,"[877, 892]"
882,547,38,8,[893]
883,547,249,26,[]
884,548,62,11,[]
885,548,197,13,[]
886,548,404,15,[892]
887,548,456,11,[]
888,549,140,29,[]
889,550,226,6,[894]
890,550,283,20,[]
891,553,30,15,[893]
892,554,413,17,"[881, 886]"
893,555,38,17,"[882, 891]"
894,555,227,12,"[889, 899]"
895,557,204,18,[904]
896,557,455,9,[]
897,558,345,8,[]
898,560,194,10,"[901, 904]"
899,560,225,9,[894]
900,560,293,11,[906]
901,562,194,11,"[898, 904]"
902,564,77,7,[]
903,565,122,16,[]
904,565,201,15,"[895, 898, 901]"
905,566,406,18,[912]
906,568,293,17,[900]
907,569,417,12,[912]
908,570,55,12,[]
909,570,302,13,[910]
910,573,303,6,[909]
911,573,317,21,[]
912,573,414,13,"[905, 907, 923, 926]"
913,574,103,10,[]
914,574,245,18,[919]
915,574,381,9,[917]
916,574,458,14,[]
917,575,376,6,[915]
918,576,443,9,[]
919,577,237,11,[914]
920,577,394,15,[]
921,578,146,7,[]
922,578,186,19,[]
923,578,420,11,"[912, 926]"
924,579,168,12,[]
925,580,366,10,[]
926,580,413,17,"[912, 923]"
927,584,56,12,"[928, 936]"
928,584,60,16,"[927, 936]"
929,585,240,12,"[937, 938]"
930,585,426,12,[]
931,587,281,22,[932]
932,587,288,8,[931]
933,588,27,7,[]
934,588,261,17,[940]
935,589,369,11,"[950, 951]"
936,590,57,12,"[927, 928]"
937,591,235,17,"[929, 938]"
938,592,247,19,"[929, 937, 939]"
939,592,249,18,[938]
940,592,263,9,[934]
941,593,144,7,[]
942,593,171,5,[]
943,593,383,9,[951]
944,594,68,12,[960]
945,594,180,22,[]
946,595,39,14,[954]
947,595,437,9,[]
948,595,458,16,[]
949,596,152,12,[]
950,596,366,12,"[935, 951, 959]"
951,596,375,17,"[935, 943, 950, 959, 962]"
952,596,394,15,[953]
953,596,394,11,[952]
954,597,31,12,[946]
955,597,84,7,[956]
956,597,85,8,[955]
957,599,115,8,[]
958,599,304,17,[973]
959,599,373,13,"[950, 951, 962]"
960,600,65,17,"[944, 963, 968]"
961,600,165,8,[969]
962,600,377,7,"[951, 959]"
963,601,56,16,"[960, 968]"
964,602,223,13,[]
965,602,360,8,[]
966,602,422,11,[967]
967,602,424,19,[966]
968,603,59,10,"[960, 963]"
969,603,159,25,[961]
970,606,198,8,"[975, 982]"
971,606,310,7,"[973, 979]"
972,606,406,14,[]
973,607,307,12,"[958, 971, 979]"
974,607,435,13,[]
975,608,190,15,"[970, 982, 986, 988]"
976,608,340,9,[985]
977,608,355,8,[]
978,610,42,10,[]
979,611,311,19,"[971, 973, 997]"
980,612,1,6,[]
981,612,237,23,[989]
982,613,196,17,"[970, 975, 986, 988]"
983,613,262,21,[984]
984,613,270,12,[983]
985,613,340,6,[976]
986,614,187,17,"[975, 982, 988]"
987,614,368,20,[]
988,615,190,15,"[975, 982, 986]"
989,615,236,7,[981]
990,617,450,7,[]
991,618,68,16,[]
992,618,354,16,[]
993,619,167,21,[1004]
994,621,220,14,[1001]
995,622,102,4,[]
996,622,300,11,[997]
997,622,309,19,"[979, 996]"
998,623,137,17,[1007]
999,624,48,11,[]
1000,624,424,14,[]
1001,625,222,18,"[994, 1005]"
1002,626,26,21,[1003]
1003,627,31,14,[1002]
1004,628,157,15,[993]
1005,628,230,12,[1001]
1006,628,374,14,[]
1007,629,129,14,[998]
1008,629,293,13,[]
1009,630,79,29,"[1010, 1024, 1027, 1033]"
1010,632,71,26,[1009]
1011,632,248,15,[1015]
1012,633,316,13,[]
1013,634,260,9,[]
1014,636,142,19,[1022]
1015,636,252,4,[1011]
1016,637,237,20,"[1018, 1030]"
1017,637,330,18,[]
1018,639,235,3,"[1016, 1030]"
1019,640,23,16,"[1032, 1035]"
1020,640,34,10,[]
1021,641,63,16,"[1023, 1024, 1027]"
1022,641,139,15,"[1014, 1041]"
1023,642,65,9,"[1021, 1024, 1027]"
1024,642,72,14,"[1009, 1021, 1023, 1027, 1033, 1037]"
1025,642,219,19,[]
1026,643,423,10,"[1042, 1029]"
1027,644,67,19,"[1009, 1021, 1023, 1024, 1037]"
1028,644,95,13,[]
1029,645,426,13,"[1042, 1026]"
1030,646,233,21,"[1016, 1018, 1050]"
1031,646,281,4,[1034]
1032,647,25,13,"[1019, 1035]"
1033,647,79,18,"[1009, 1024, 1037]"
1034,647,276,17,[1031]
1035,649,20,20,"[1019, 1032]"
1036,649,39,9,[]
1037,649,74,15,"[1024, 1027, 1033]"
1038,649,153,24,[1041]
1039,649,396,9,[]
1040,650,6,16,[]
1041,650,147,16,"[1022, 1038]"
1042,650,423,13,"[1026, 1029]"
1043,650,445,7,[]
1044,652,115,4,[]
1045,652,128,14,[]
1046,652,191,6,"[1049, 1057]"
1047,652,456,12,[1059]
1048,653,316,10,[]
1049,654,191,14,"[1046, 1057]"
1050,654,227,15,[1030]
1051,655,350,4,[]
1052,656,242,26,[]
1053,657,62,20,[]
1054,657,104,13,[]
1055,658,254,17,[]
1056,658,307,9,[1067]
1057,659,193,19,"[1046, 1049]"
1058,659,285,6,[]
1059,659,455,20,"[1047, 1077]"
1060,660,406,10,[]
1061,662,423,9,[]
1062,663,329,15,[]
1063,665,2,18,[]
1064,665,357,13,[]
1065,667,282,20,[]
1066,667,297,2,[1067]
1067,667,303,16,"[1056, 1066]"
1068,667,412,6,[1071]
1069,668,222,15,[]
1070,668,313,12,[]
1071,669,412,11,[1068]
1072,670,59,17,[1082]
1073,670,387,20,[]
1074,671,100,20,[]
1075,671,363,9,[]
1076,671,372,10,[]
1077,671,458,17,[1059]
1078,673,25,18,[]
1079,673,71,18,[]
1080,673,162,10,[]
1081,674,203,13,[]
1082,675,51,13,"[1072, 1088]"
1083,677,257,13,[]
1084,678,394,8,[1093]
1085,680,156,9,[1089]
1086,680,445,17,[]
1087,681,371,13,[]
1088,682,46,2,[1082]
1089,682,147,14,"[1085, 1103]"
1090,682,416,20,[1095]
1091,683,282,4,[]
1092,683,460,12,[1106]
1093,684,401,21,[1084]
1094,686,379,13,[]
1095,686,424,21,"[1090, 1121]"
1096,687,106,11,[1101]
1097,688,181,16,"[1100, 1109]"
1098,688,321,15,[]
1099,689,74,18,"[1108, 1114, 1119]"
1100,689,184,16,"[1097, 1109, 1127]"
1101,690,105,16,"[1096, 1102, 1117]"
1102,690,114,13,[1101]
1103,690,143,22,"[1089, 1113, 1115]"
1104,690,333,7,[]
1105,690,339,10,[]
1106,690,459,20,"[1092, 1110, 1123]"
1107,691,30,16,[]
1108,691,66,10,"[1099, 1114]"
1109,691,188,17,"[1097, 1100, 1127]"
1110,691,454,10,[1106]
1111,692,123,11,[]
1112,693,307,14,[1125]
1113,694,140,9,"[1103, 1115]"
1114,696,63,23,"[1099, 1108, 1119, 1126]"
1115,696,143,6,"[1103, 1113]"
1116,696,282,17,"[1124, 1133]"
1117,697,103,9,"[1101, 1143]"
1118,697,132,13,"[1132, 1138, 1141]"
1119,698,74,12,"[1099, 1114]"
1120,698,221,21,[]
1121,698,423,20,"[1095, 1131]"
1122,698,437,14,"[1131, 1134]"
1123,698,464,14,[1106]
1124,699,284,13,"[1116, 1133]"
1125,699,302,21,"[1112, 1145, 1146, 1150, 1155]"
1126,700,63,9,[1114]
1127,700,184,18,"[1100, 1109]"
1128,700,271,15,[]
1129,701,355,7,"[1130, 1137, 1147]"
1130,702,354,14,"[1129, 1137, 1147]"
1131,702,433,15,"[1121, 1122, 1134]"
1132,703,129,10,"[1118, 1138, 1140, 1141]"
1133,703,289,14,"[1116, 1124, 1145, 1150, 1155]"
1134,703,439,19,"[1122, 1131]"
1135,703,455,7,[]
1136,704,171,19,[1148]
1137,704,360,17,"[1129, 1130, 1147, 1158]"
1138,705,133,12,"[1118, 1132, 1140, 1141]"
1139,706,14,13,[]
1140,706,131,5,"[1132, 1138, 1141]"
1141,706,133,15,"[1118, 1132, 1138, 1140, 1144, 1154]"
1142,707,66,5,[]
1143,707,103,20,"[1117, 1152]"
1144,707,143,16,[1141]
1145,707,297,8,"[1125, 1133, 1146, 1150, 1155]"
1146,707,305,18,"[1125, 1145, 1150, 1155, 1160]"
1147,707,353,15,"[1129, 1130, 1137, 1158]"
1148,708,172,25,"[1136, 1163]"
1149,708,206,10,[]
1150,708,294,15,"[1125, 1133, 1145, 1146, 1155]"
1151,709,58,12,[]
1152,709,98,24,[1143]
1153,710,31,9,[1156]
1154,710,124,14,[1141]
1155,710,298,14,"[1125, 1133, 1145, 1146, 1150, 1160, 1165]"
1156,712,28,14,[1153]
1157,712,76,8,[1162]
1158,713,359,15,"[1137, 1147]"
1159,715,188,18,[]
1160,715,308,16,"[1146, 1155]"
1161,715,326,15,[]
1162,716,73,7,[1157]
1163,716,173,11,[1148]
1164,716,235,9,[]
1165,716,295,6,[1155]
1166,716,426,15,[1169]
1167,717,41,16,[]
1168,719,349,16,[1171]
1169,720,424,12,[1166]
1170,721,16,7,[]
1171,721,349,10,[1168]
1172,721,395,18,"[1173, 1190]"
1173,722,403,11,[1172]
1174,723,50,11,"[1183, 1189]"
1175,723,171,12,[1182]
1176,724,8,12,[]
1177,726,314,17,[1180]
1178,727,74,15,[]
1179,727,234,11,"[1192, 1204]"
1180,727,322,17,[1177]
1181,728,15,6,[]
1182,728,172,12,"[1175, 1197]"
1183,729,50,18,"[1174, 1184, 1189]"
1184,729,55,11,"[1183, 1189]"
1185,729,415,17,[]
1186,729,431,14,[1193]
1187,730,293,16,[]
1188,730,359,15,[]
1189,733,48,21,"[1174, 1183, 1184]"
1190,733,398,13,[1172]
1191,734,84,6,[]
1192,734,235,18,"[1179, 1204]"
1193,734,438,11,"[1186, 1196]"
1194,735,18,9,[]
1195,735,137,9,[]
1196,735,444,13,[1193]
1197,736,172,14,[1182]
1198,736,219,15,[1204]
1199,736,340,17,[]
1200,737,314,11,[]
1201,738,114,11,[]
1202,738,184,10,[]
1203,740,349,8,[]
1204,741,229,30,"[1179, 1192, 1198, 1209]"
1205,744,173,4,[]
1206,744,404,8,[]
1207,747,61,18,[]
1208,747,195,16,[1212]
1209,748,233,15,"[1204, 1218]"
1210,748,382,16,[]
1211,749,101,12,[]
1212,749,187,23,[1208]
1213,749,207,11,[]
1214,750,288,19,[1223]
1215,752,405,7,[]
1216,754,265,17,[]
1217,755,16,14,[]
1218,755,239,8,"[1209, 1228]"
1219,756,1,8,[1233]
1220,756,90,6,"[1226, 1232]"
1221,756,364,17,[]
1222,757,245,13,[1238]
1223,757,287,16,"[1214, 1239]"
1224,757,317,15,[1229]
1225,757,421,11,[]
1226,758,92,9,"[1220, 1232]"
1227,758,223,14,[]
1228,758,234,9,[1218]
1229,758,315,19,"[1224, 1230]"
1230,759,306,20,"[1229, 1239, 1243]"
1231,759,331,13,[1240]
1232,760,88,14,"[1220, 1226, 1234]"
1233,761,0,13,[1219]
1234,761,84,4,"[1232, 1241]"
1235,761,273,12,[]
1236,762,126,4,[]
1237,762,410,24,[]
1238,763,249,18,"[1222, 1249, 1257]"
1239,763,295,15,"[1223, 1230, 1243]"
1240,763,330,12,"[1231, 1253]"
1241,765,79,22,[1234]
1242,765,105,6,[]
1243,765,302,17,"[1230, 1239]"
1244,766,377,7,[]
1245,767,11,7,[]
1246,767,342,14,[]
1247,767,385,17,[1262]
1248,768,160,5,[]
1249,768,251,7,"[1238, 1257]"
1250,768,289,10,[1258]
1251,768,359,8,[]
1252,768,397,21,[]
1253,769,329,12,"[1240, 1261]"
1254,771,203,15,[1259]
1255,772,4,11,[]
1256,773,174,7,[]
1257,773,244,17,"[1238, 1249]"
1258,773,293,9,[1250]
1259,774,202,8,[1254]
1260,775,41,17,[]
1261,776,324,16,[1253]
1262,777,380,19,[1247]
1263,778,260,9,[1267]
1264,779,183,13,[]
1265,780,28,21,[1266]
1266,780,34,3,[1265]
1267,781,259,4,[1263]
1268,781,306,15,"[1278, 1282]"
1269,782,211,10,[]
1270,782,222,15,[1277]
1271,782,362,18,[1289]
1272,782,445,8,"[1279, 1286]"
1273,783,159,11,[1276]
1274,784,456,8,[]
1275,784,464,14,[]
1276,785,164,15,"[1273, 1300]"
1277,785,228,13,[1270]
1278,785,303,16,"[1268, 1282]"
1279,785,438,14,"[1272, 1286]"
1280,786,83,12,[1294]
1281,787,132,15,[]
1282,787,310,11,"[1268, 1278, 1283]"
1283,787,315,9,[1282]
1284,788,56,14,[]
1285,788,196,11,[1291]
1286,788,446,18,"[1272, 1279]"
1287,789,114,8,[1290]
1288,789,281,18,[]
1289,789,362,9,[1271]
1290,790,111,20,[1287]
1291,790,202,17,"[1285, 1307]"
1292,790,260,14,[1304]
1293,792,376,12,[]
1294,794,82,12,[1280]
1295,794,330,19,"[1310, 1315]"
1296,795,0,14,[]
1297,795,47,13,[1312]
1298,795,75,7,[]
1299,795,94,17,[]
1300,795,165,17,[1276]
1301,795,436,9,[]
1302,796,141,12,[]
1303,796,178,18,[1309]
1304,796,256,17,"[1292, 1318]"
1305,797,298,22,[]
1306,797,420,8,[]
1307,798,206,13,"[1291, 1313, 1320, 1323]"
1308,799,32,15,[1321]
1309,799,186,17,[1303]
1310,799,321,17,"[1295, 1315]"
1311,799,460,20,[1316]
1312,800,42,7,"[1297, 1326]"
1313,800,213,18,"[1307, 1320, 1323]"
1314,800,289,11,[]
1315,800,331,15,"[1295, 1310]"
1316,800,464,7,[1311]
1317,801,235,18,[1324]
1318,801,247,24,"[1304, 1324]"
1319,803,86,7,[1327]
1320,803,202,14,"[1307, 1313, 1323, 1332]"
1321,804,31,13,[1308]
1322,804,80,9,[1327]
1323,804,207,12,"[1307, 1313, 1320, 1332]"
1324,804,242,10,"[1317, 1318]"
1325,804,408,11,[1335]
1326,805,43,14,[1312]
1327,805,81,12,"[1319, 1322]"
1328,807,128,11,[]
1329,807,415,8,[1335]
1330,808,64,15,[]
1331,808,169,18,[1338]
1332,810,199,21,"[1320, 1323]"
1333,811,339,17,[]
1334,812,285,8,[]
1335,813,414,20,"[1325, 1329, 1345, 1347, 1351]"
1336,815,307,13,[]
1337,815,447,11,[]
1338,816,173,7,[1331]
1339,816,264,13,[1352]
1340,817,23,7,[1342]
1341,820,7,10,[]
1342,820,29,15,[1340]
1343,820,132,7,[]
1344,821,379,16,[]
1345,821,418,10,[1335]
1346,822,219,12,[]
1347,822,406,17,"[1335, 1351]"
1348,823,247,19,[]
1349,823,318,22,[1358]
1350,823,331,25,[]
1351,823,407,19,"[1335, 1347]"
1352,824,260,17,"[1339, 1355]"
1353,824,302,14,[]
1354,825,94,5,[1357]
1355,825,268,15,[1352]
1356,825,463,10,[]
1357,828,92,14,"[1354, 1360]"
1358,829,320,17,"[1349, 1368, 1384]"
1359,829,440,21,"[1364, 1365]"
1360,831,100,13,[1357]
1361,831,112,18,[1375]
1362,831,166,14,[1371]
1363,831,235,12,[]
1364,831,439,26,"[1359, 1365]"
1365,832,439,2,"[1359, 1364]"
1366,833,339,22,[]
1367,834,193,7,[]
1368,835,319,14,"[1358, 1384]"
1369,835,461,8,[1379]
1370,836,127,13,[1376]
1371,836,167,13,"[1362, 1397]"
1372,836,300,19,"[1383, 1395]"
1373,836,375,13,[1394]
1374,837,38,19,[1401]
1375,837,114,17,"[1361, 1405]"
1376,837,129,16,"[1370, 1402, 1404]"
1377,837,146,5,[]
1378,837,266,9,[]
1379,837,461,17,[1369]
1380,838,155,12,[]
1381,838,183,15,"[1398, 1399]"
1382,838,276,6,[]
1383,838,308,26,"[1372, 1384]"
1384,838,316,16,"[1358, 1368, 1383, 1406]"
1385,839,422,20,[1389]
1386,840,244,8,[]
1387,840,331,15,"[1403, 1407]"
1388,840,403,13,[1400]
1389,840,420,21,[1385]
1390,841,255,12,[]
1391,841,325,3,[1403]
1392,841,357,11,[]
1393,841,364,6,[]
1394,841,380,16,"[1373, 1411]"
1395,842,293,13,[1372]
1396,843,101,4,[]
1397,844,169,14,"[1371, 1398]"
1398,844,179,16,"[1381, 1397, 1399]"
1399,844,180,13,"[1381, 1398]"
1400,844,405,20,[1388]
1401,845,34,17,"[1374, 1418]"
1402,845,123,14,"[1376, 1404, 1405, 1409, 1415]"
1403,845,325,13,"[1387, 1391, 1406]"
1404,846,125,14,"[1376, 1402, 1409, 1415]"
1405,847,113,18,"[1375, 1402, 1409, 1415]"
1406,847,319,15,"[1384, 1403]"
1407,847,339,18,[1387]
1408,847,368,13,[1411]
1409,848,121,13,"[1402, 1404, 1405, 1415]"
1410,848,205,12,[1420]
1411,848,370,16,"[1394, 1408]"
1412,849,64,13,[]
1413,849,189,10,[1420]
1414,849,222,19,[1425]
1415,850,121,8,"[1402, 1404, 1405, 1409]"
1416,850,432,9,[]
1417,850,457,15,[]
1418,851,34,15,[1401]
1419,853,254,10,[]
1420,854,199,20,"[1410, 1413, 1436]"
1421,854,275,19,[1428]
1422,855,78,13,[]
1423,856,3,19,[1432]
1424,856,29,8,[]
1425,857,230,20,"[1414, 1427]"
1426,858,119,15,"[1429, 1435]"
1427,858,232,10,[1425]
1428,858,265,16,[1421]
1429,859,125,18,"[1426, 1435]"
1430,860,409,17,[]
1431,860,418,13,[]
1432,861,3,16,"[1423, 1440]"
1433,862,461,9,"[1438, 1444]"
1434,864,23,13,[]
1435,865,120,10,"[1426, 1429]"
1436,865,190,19,"[1420, 1442, 1445]"
1437,865,389,17,[]
1438,866,464,16,"[1433, 1439, 1444, 1448]"
1439,866,467,8,"[1438, 1444, 1448]"
1440,867,0,15,[1432]
1441,867,109,10,[1447]
1442,867,179,10,"[1436, 1445]"
1443,868,358,9,[1456]
1444,869,467,20,"[1433, 1438, 1439, 1448]"
1445,870,181,11,"[1436, 1442]"
1446,870,228,14,[]
1447,871,110,15,[1441]
1448,873,462,19,"[1438, 1439, 1444]"
1449,874,267,16,[1455]
1450,875,86,9,[]
1451,875,168,9,[]
1452,875,304,23,[1458]
1453,876,175,7,[]
1454,877,48,22,[]
1455,877,259,11,[1449]
1456,877,358,18,"[1443, 1459, 1461, 1462]"
1457,878,241,8,[]
1458,879,301,18,[1452]
1459,879,364,13,[1456]
1460,880,380,13,[]
1461,881,348,20,"[1456, 1462]"
1462,882,348,26,"[1456, 1461]"
1463,883,430,10,[]
1464,884,95,10,[1470]
1465,885,1,12,[1467]
1466,885,401,14,[1479]
1467,886,0,19,[1465]
1468,886,274,14,[1475]
1469,886,324,8,[]
1470,887,98,11,[1464]
1471,887,176,21,[]
1472,887,189,11,[]
1473,888,46,16,"[1477, 1486]"
1474,889,77,8,[]
1475,890,268,14,[1468]
1476,890,336,15,"[1485, 1488]"
1477,891,48,8,"[1473, 1486]"
1478,892,133,9,[]
1479,892,409,16,[1466]
1480,893,105,9,[1492]
1481,893,139,7,[]
1482,893,185,6,[]
1483,893,210,17,[]
1484,893,294,9,[]
1485,894,332,21,[1476]
1486,895,46,27,"[1473, 1477, 1491, 1493]"
1487,895,286,6,[1494]
1488,895,346,16,[1476]
1489,895,429,18,[1490]
1490,896,439,12,"[1489, 1497]"
1491,898,53,13,"[1486, 1493]"
1492,898,97,18,[1480]
1493,899,49,9,"[1486, 1491]"
1494,899,283,24,"[1487, 1511]"
1495,899,316,18,[1503]
1496,899,367,16,[]
1497,899,441,17,"[1490, 1504, 1514]"
1498,901,271,6,[1507]
1499,902,404,20,[]
1500,903,298,12,[1511]
1501,904,24,7,[]
1502,904,207,11,"[1506, 1512]"
1503,904,323,9,[1495]
1504,904,444,22,"[1497, 1514]"
1505,905,158,12,[1508]
1506,905,199,19,"[1502, 1512]"
1507,905,268,13,"[1498, 1513, 1517]"
1508,906,162,15,[1505]
1509,906,218,9,[]
1510,906,229,11,[]
1511,906,289,19,"[1494, 1500, 1518]"
1512,909,206,18,"[1502, 1506]"
1513,910,262,16,"[1507, 1517, 1530]"
1514,910,443,15,"[1497, 1504]"
1515,911,76,13,[1516]
1516,911,80,14,[1515]
1517,911,260,16,"[1507, 1513, 1530]"
1518,912,291,17,[1511]
1519,912,335,17,[1524]
1520,913,371,16,[]
1521,913,420,16,[]
1522,915,186,10,[]
1523,917,317,16,[1535]
1524,917,328,17,[1519]
1525,919,147,5,[]
1526,919,246,10,[1530]
1527,921,166,13,[]
1528,922,40,26,[]
1529,922,102,14,[]
1530,922,257,19,"[1513, 1517, 1526, 1540]"
1531,922,290,10,[]
1532,924,452,14,[]
1533,925,439,4,[]
1534,927,197,13,[]
1535,927,314,21,[1523]
1536,927,349,12,[]
1537,928,276,15,[1543]
1538,929,144,9,"[1547, 1549]"
1539,929,330,15,"[1541, 1545]"
1540,930,250,20,[1530]
1541,930,333,14,"[1539, 1545]"
1542,932,63,12,[]
1543,932,279,9,[1537]
1544,932,400,10,[]
1545,934,329,8,"[1539, 1541]"
1546,934,459,18,[]
1547,935,146,19,"[1538, 1549]"
1548,935,354,11,[]
1549,936,144,21,"[1538, 1547]"
1550,936,367,15,[]
1551,937,22,20,[]
1552,937,188,17,[]
1553,938,298,18,[]
1554,938,375,6,[]
1555,939,167,15,[]
1556,940,38,13,[]
1557,940,49,10,[]
1558,941,125,16,[]
1559,942,273,7,[]
1560,942,439,12,[]
1561,943,416,17,[1571]
1562,944,315,17,[1569]
1563,944,384,19,[]
1564,945,61,13,[]
1565,945,430,12,"[1567, 1579]"
1566,946,85,17,[1572]
1567,946,425,12,"[1565, 1571, 1579]"
1568,947,34,8,[]
1569,947,318,19,"[1562, 1586]"
1570,947,343,15,[]
1571,947,421,12,"[1561, 1567]"
1572,951,77,17,[1566]
1573,951,264,8,[]
1574,951,298,14,[]
1575,952,153,10,[]
1576,952,200,12,[]
1577,953,229,11,[]
1578,953,370,10,[]
1579,953,431,14,"[1565, 1567]"
1580,954,56,9,[1593]
1581,954,447,10,[]
1582,955,383,15,[1598]
1583,955,466,17,[1587]
1584,956,5,14,[1585]
1585,956,8,13,[1584]
1586,956,316,11,[1569]
1587,956,465,18,[1583]
1588,957,143,12,[]
1589,958,398,10,[]
1590,959,41,12,[1593]
1591,960,100,24,[]
1592,960,122,14,[]
1593,961,50,21,"[1580, 1590, 1607, 1608]"
1594,961,163,23,[]
1595,962,85,11,[]
1596,962,285,18,[1597]
1597,963,295,19,[1596]
1598,964,381,15,[1582]
1599,965,392,12,[]
1600,967,0,12,[]
1601,967,408,5,[]
1602,968,20,16,[]
1603,968,217,3,[]
1604,969,135,9,[]
1605,970,192,7,[]
1606,970,441,15,[1621]
1607,971,52,16,"[1593, 1608, 1615]"
1608,971,56,21,"[1593, 1607, 1609, 1615, 1628]"
1609,971,62,9,"[1608, 1615]"
1610,971,363,23,"[1614, 1631]"
1611,972,234,10,"[1613, 1626]"
1612,973,74,16,[1618]
1613,973,230,5,[1611]
1614,973,372,21,"[1610, 1639]"
1615,974,59,16,"[1607, 1608, 1609, 1628, 1632]"
1616,974,185,17,[1629]
1617,974,222,18,[1625]
1618,976,82,20,[1612]
1619,976,404,10,[]
1620,978,329,7,[]
1621,978,449,15,[1606]
1622,979,35,14,[1636]
1623,979,103,27,[]
1624,979,131,5,[]
1625,979,223,13,[1617]
1626,979,235,15,"[1611, 1633]"
1627,979,307,16,[]
1628,980,60,13,"[1608, 1615, 1632, 1637]"
1629,980,188,17,"[1616, 1630]"
1630,980,195,14,[1629]
1631,980,359,11,[1610]
1632,982,59,7,"[1615, 1628, 1637]"
1633,982,235,14,[1626]
1634,983,210,12,[1640]
1635,984,16,18,[]
1636,984,41,11,[1622]
1637,984,54,12,"[1628, 1632]"
1638,984,140,18,[]
1639,984,380,15,[1614]
1640,986,207,16,[1634]
1641,986,315,5,[]
1642,986,354,12,[]
1643,989,111,12,[1655]
1644,989,333,9,[]
1645,990,317,10,[1650]
1646,990,401,13,[1651]
1647,991,150,7,[]
1648,991,159,22,[1663]
1649,992,392,16,[1651]
1650,993,325,17,[1645]
1651,993,400,14,"[1646, 1649]"
1652,994,460,15,[]
1653,997,11,13,[1656]
1654,997,105,17,"[1655, 1675]"
1655,998,113,13,"[1643, 1654]"
1656,999,5,19,[1653]
1657,999,243,14,[1661]
1658,1000,27,4,[]
1659,1000,338,9,[]
1660,1002,125,16,[]
1661,1002,239,11,"[1657, 1669]"
1662,1002,312,11,[]
1663,1003,160,20,"[1648, 1668]"
1664,1004,445,18,[]
1665,1005,143,12,[1666]
1666,1005,143,17,[1665]
1667,1005,214,13,[1684]
1668,1006,165,14,[1663]
1669,1006,236,9,"[1661, 1676]"
1670,1007,400,13,"[1689, 1690]"
1671,1007,460,12,"[1681, 1699]"
1672,1008,173,5,[]
1673,1008,375,14,[]
1674,1010,79,15,[]
1675,1010,97,19,"[1654, 1692]"
1676,1010,234,7,[1669]
1677,1011,194,5,[]
1678,1011,318,14,[]
1679,1011,366,13,[]
1680,1011,426,11,[]
1681,1011,464,18,"[1671, 1699]"
1682,1012,39,7,[]
1683,1012,286,14,"[1688, 1693]"
1684,1013,208,18,"[1667, 1686]"
1685,1013,409,22,[]
1686,1014,204,15,[1684]
1687,1014,218,8,[]
1688,1014,283,7,"[1683, 1693]"
1689,1014,392,20,"[1670, 1690, 1702]"
1690,1014,395,20,"[1670, 1689, 1702]"
1691,1015,58,13,[1707]
1692,1015,96,15,"[1675, 1714]"
1693,1015,286,15,"[1683, 1688]"
1694,1015,342,12,[1695]
1695,1015,347,7,"[1694, 1696]"
1696,1015,354,21,[1695]
1697,1016,176,6,[]
1698,1016,245,17,[]
1699,1016,452,19,"[1671, 1681, 1700, 1703, 1706]"
1700,1017,449,11,"[1699, 1703, 1706]"
1701,1018,157,16,[1709]
1702,1019,398,8,"[1689, 1690]"
1703,1019,444,14,"[1699, 1700, 1706]"
1704,1020,224,11,[]
1705,1021,14,15,[]
1706,1022,444,17,"[1699, 1700, 1703, 1720]"
1707,1023,59,12,[1691]
1708,1023,75,12,[]
1709,1023,162,18,"[1701, 1729]"
1710,1024,185,9,[]
1711,1024,426,14,"[1716, 1719, 1720]"
1712,1025,121,23,[]
1713,1026,38,11,[1715]
1714,1026,100,20,[1692]
1715,1027,30,17,"[1713, 1717]"
1716,1028,425,14,"[1711, 1719, 1720]"
1717,1029,30,7,[1715]
1718,1029,302,21,[1722]
1719,1029,424,9,"[1711, 1716]"
1720,1029,436,20,"[1706, 1711, 1716]"
1721,1030,216,16,[]
1722,1030,307,21,"[1718, 1732]"
1723,1030,335,19,[1726]
1724,1030,349,11,[]
1725,1031,252,8,[]
1726,1031,329,9,[1723]
1727,1032,410,20,"[1741, 1751]"
1728,1032,459,7,[]
1729,1033,162,14,[1709]
1730,1034,202,11,[1740]
1731,1034,264,18,[1734]
1732,1034,314,8,"[1722, 1738]"
1733,1035,50,22,"[1744, 1747, 1750]"
1734,1037,261,11,[1731]
1735,1037,390,14,[]
1736,1039,124,15,[1743]
1737,1039,229,15,[]
1738,1039,320,16,[1732]
1739,1040,175,11,"[1745, 1759]"
1740,1040,206,15,"[1730, 1753, 1762]"
1741,1040,412,24,"[1727, 1751]"
1742,1041,88,11,[]
1743,1041,122,14,[1736]
1744,1042,51,13,"[1733, 1747, 1750, 1766]"
1745,1042,169,24,"[1739, 1759, 1771]"
1746,1042,363,12,[]
1747,1043,49,12,"[1733, 1744, 1750, 1766]"
1748,1043,309,9,[]
1749,1043,341,6,[]
1750,1044,46,16,"[1733, 1744, 1747, 1766]"
1751,1044,410,12,"[1727, 1741, 1754, 1757]"
1752,1045,67,16,[]
1753,1045,200,25,"[1740, 1762, 1777, 1779]"
1754,1045,402,12,"[1751, 1757]"
1755,1046,151,9,[1778]
1756,1046,267,10,[1774]
1757,1047,404,17,"[1751, 1754]"
1758,1048,25,7,[1781]
1759,1048,173,21,"[1739, 1745, 1761, 1771, 1772, 1794]"
1760,1049,432,11,"[1765, 1776]"
1761,1050,177,9,"[1759, 1771]"
1762,1050,206,16,"[1740, 1753, 1777, 1790]"
1763,1050,327,10,[]
1764,1051,239,12,[1788]
1765,1051,427,16,"[1760, 1776]"
1766,1052,49,18,"[1744, 1747, 1750, 1767]"
1767,1052,56,12,[1766]
1768,1052,221,13,[]
1769,1053,102,17,[]
1770,1053,115,22,"[1782, 1785]"
1771,1053,169,21,"[1745, 1759, 1761, 1772, 1778, 1794]"
1772,1053,170,9,"[1759, 1771]"
1773,1053,189,7,[1779]
1774,1053,264,18,[1756]
1775,1053,315,11,[]
1776,1053,428,20,"[1760, 1765, 1800]"
1777,1054,205,15,"[1753, 1762, 1779, 1790]"
1778,1055,154,23,"[1755, 1771]"
1779,1055,193,19,"[1753, 1773, 1777, 1790]"
1780,1055,453,17,[1786]
1781,1056,25,16,[1758]
1782,1056,112,8,[1770]
1783,1057,247,8,[]
1784,1058,37,12,[]
1785,1058,125,15,[1770]
1786,1058,459,14,[1780]
1787,1059,83,12,[1808]
1788,1060,236,21,[1764]
1789,1060,299,9,[]
1790,1061,198,19,"[1762, 1777, 1779, 1813]"
1791,1061,285,17,[1795]
1792,1061,316,8,[1798]
1793,1062,69,10,"[1802, 1808]"
1794,1062,173,20,"[1759, 1771, 1809]"
1795,1062,281,9,[1791]
1796,1062,396,16,[1801]
1797,1063,100,8,[]
1798,1063,325,21,"[1792, 1819]"
1799,1063,431,11,[1800]
1800,1063,434,18,"[1776, 1799, 1804]"
1801,1064,396,11,[1796]
1802,1067,66,22,"[1793, 1807, 1808, 1820]"
1803,1067,213,8,[]
1804,1067,437,5,[1800]
1805,1068,467,13,[]
1806,1069,13,17,[]
1807,1069,69,10,"[1802, 1808, 1820]"
1808,1069,77,19,"[1787, 1793, 1802, 1807, 1820]"
1809,1070,168,10,[1794]
1810,1070,273,15,[1828]
1811,1071,49,5,[1825]
1812,1071,133,10,"[1821, 1822]"
1813,1071,192,15,"[1790, 1818]"
1814,1071,381,6,[1817]
1815,1071,416,9,[]
1816,1072,205,11,[]
1817,1073,384,11,[1814]
1818,1074,196,5,[1813]
1819,1074,331,15,"[1798, 1829]"
1820,1075,70,18,"[1802, 1807, 1808]"
1821,1075,136,10,"[1812, 1822, 1823, 1831]"
1822,1075,136,5,"[1812, 1821, 1831]"
1823,1075,147,21,"[1821, 1831, 1837]"
1824,1077,260,12,[]
1825,1078,48,18,"[1811, 1835, 1839]"
1826,1078,222,18,[]
1827,1078,394,18,[]
1828,1079,280,16,"[1810, 1844]"
1829,1079,328,14,[1819]
1830,1079,418,14,[]
1831,1081,138,19,"[1821, 1822, 1823]"
1832,1082,345,13,[]
1833,1085,371,21,[1847]
1834,1085,459,22,[1841]
1835,1086,50,13,"[1825, 1839]"
1836,1086,101,12,[]
1837,1086,155,17,[1823]
1838,1086,403,17,[]
1839,1087,42,16,"[1825, 1835]"
1840,1087,209,9,[]
1841,1087,448,14,"[1834, 1846]"
1842,1088,59,4,[]
1843,1089,254,17,[]
1844,1089,273,16,[1828]
1845,1090,116,25,[]
1846,1092,445,25,[1841]
1847,1093,367,17,[1833]
1848,1095,423,10,[1856]
1849,1097,6,18,[]
1850,1097,215,8,[]
1851,1097,309,15,[1855]
1852,1098,103,15,[]
1853,1099,128,10,[]
1854,1099,182,12,"[1863, 1868]"
1855,1099,309,19,[1851]
1856,1099,431,15,[1848]
1857,1100,78,15,[]
1858,1100,253,6,[]
1859,1102,460,14,"[1866, 1871]"
1860,1104,277,15,[]
1861,1105,119,11,"[1867, 1873, 1879]"
1862,1105,156,16,[]
1863,1105,183,12,"[1854, 1868]"
1864,1105,191,8,[1868]
1865,1106,137,6,[]
1866,1106,461,7,"[1859, 1871]"
1867,1107,118,13,"[1861, 1879]"
1868,1107,183,14,"[1854, 1863, 1864, 1880]"
1869,1107,391,12,[1882]
1870,1108,261,16,[]
1871,1108,464,14,"[1859, 1866]"
1872,1109,5,14,[1874]
1873,1109,125,7,"[1861, 1879]"
1874,1110,2,14,[1872]
1875,1110,346,6,[]
1876,1111,69,9,[]
1877,1111,409,13,[]
1878,1112,41,22,[]
1879,1112,118,16,"[1861, 1867, 1873, 1890, 1891]"
1880,1113,190,9,[1868]
1881,1113,378,11,[]
1882,1113,390,14,[1869]
1883,1115,268,11,[1888]
1884,1116,52,16,[]
1885,1116,164,22,[]
1886,1116,243,8,[]
1887,1117,23,17,"[1896, 1906]"
1888,1118,272,9,[1883]
1889,1119,417,22,[]
1890,1120,115,15,"[1879, 1891]"
1891,1120,116,7,"[1879, 1890]"
1892,1120,224,6,[]
1893,1120,254,13,[1894]
1894,1120,256,10,[1893]
1895,1120,286,14,[]
1896,1121,27,15,"[1887, 1906]"
1897,1121,311,10,[]
1898,1121,452,24,[]
1899,1122,129,15,[]
1900,1122,427,10,[1911]
1901,1123,326,18,[]
1902,1123,443,13,[]
1903,1125,37,17,[]
1904,1125,263,10,[]
1905,1126,378,9,[]
1906,1128,26,12,"[1887, 1896]"
1907,1128,247,9,[]
1908,1128,364,18,[]
1909,1129,395,13,[1910]
1910,1130,395,9,[1909]
1911,1130,430,19,[1900]
1912,1131,197,12,[]
1913,1132,441,11,[]
1914,1133,78,9,[]
1915,1133,95,19,[]
1916,1135,151,17,[1919]
1917,1135,216,17,[]
1918,1135,308,14,[]
1919,1136,155,3,[1916]
1920,1139,120,11,[]
1921,1139,341,8,[]
1922,1141,8,11,[]
1923,1142,179,23,[]
1924,1143,196,10,[1935]
1925,1144,56,13,[]
1926,1144,242,9,[]
1927,1144,420,11,"[1932, 1937, 1939]"
1928,1145,369,10,[1931]
1929,1145,449,15,[1934]
1930,1146,281,15,"[1943, 1944]"
1931,1146,370,6,[1928]
1932,1146,420,12,"[1927, 1936, 1937, 1939]"
1933,1147,65,10,[]
1934,1147,446,13,[1929]
1935,1148,197,22,[1924]
1936,1149,411,17,"[1932, 1937]"
1937,1149,416,15,"[1927, 1932, 1936, 1939]"
1938,1151,211,15,[1962]
1939,1151,420,11,"[1927, 1932, 1937]"
1940,1152,126,13,[]
1941,1152,256,14,[1948]
1942,1153,52,12,"[1946, 1966]"
1943,1153,273,16,"[1930, 1974]"
1944,1153,288,17,"[1930, 1965]"
1945,1153,400,6,[]
1946,1154,46,15,"[1942, 1966]"
1947,1155,75,23,"[1964, 1977]"
1948,1155,260,15,[1941]
1949,1155,367,16,[1950]
1950,1155,374,9,[1949]
1951,1155,392,12,[1956]
1952,1156,5,6,[]
1953,1156,155,16,"[1959, 1960]"
1954,1156,193,9,[]
1955,1156,336,16,[1968]
1956,1156,388,16,[1951]
1957,1156,467,16,[]
1958,1157,302,12,"[1965, 1978]"
1959,1158,148,19,"[1953, 1961, 1969]"
1960,1158,163,17,[1953]
1961,1159,143,3,"[1959, 1969]"
1962,1159,216,16,"[1938, 1984]"
1963,1159,236,5,[]
1964,1160,73,11,[1947]
1965,1160,293,22,"[1944, 1958, 1978, 1980, 1981, 1986]"
1966,1161,49,22,"[1942, 1946, 1982]"
1967,1161,92,18,[1977]
1968,1161,342,14,"[1955, 1983]"
1969,1162,137,24,"[1959, 1961]"
1970,1163,14,17,[]
1971,1163,204,9,[]
1972,1164,188,14,[]
1973,1164,228,12,[]
1974,1164,277,19,"[1943, 1975, 1986]"
1975,1164,277,11,"[1974, 1986]"
1976,1164,399,17,[]
1977,1165,83,14,"[1947, 1967]"
1978,1165,304,17,"[1958, 1965]"
1979,1166,326,15,[]
1980,1167,290,10,"[1965, 1981, 1986]"
1981,1167,291,10,"[1965, 1980, 1986]"
1982,1168,45,14,[1966]
1983,1168,345,15,[1968]
1984,1169,213,20,"[1962, 1990]"
1985,1169,426,21,[]
1986,1170,286,19,"[1965, 1974, 1975, 1980, 1981, 1995]"
1987,1173,25,18,[]
1988,1173,159,9,[1992]
1989,1174,118,16,[]
1990,1174,223,14,[1984]
1991,1175,133,13,[1996]
1992,1175,161,10,[1988]
1993,1179,43,22,[]
1994,1179,172,15,[]
1995,1179,283,13,[1986]
1996,1181,131,23,"[1991, 2009]"
1997,1181,333,16,"[2003, 2014]"
1998,1182,239,20,[2002]
1999,1182,306,12,"[2007, 2008]"
2000,1182,356,17,[2011]
2001,1183,33,22,[]
2002,1184,230,17,[1998]
2003,1184,327,17,"[1997, 2010, 2014]"
2004,1184,424,12,[]
2005,1184,452,14,[2012]
2006,1187,204,19,[]
2007,1187,300,19,"[1999, 2008]"
2008,1188,308,14,"[1999, 2007]"
2009,1190,132,17,"[1996, 2026, 2032]"
2010,1190,323,12,[2003]
2011,1190,363,16,"[2000, 2023]"
2012,1190,456,17,"[2005, 2031]"
2013,1191,188,6,[]
2014,1191,333,16,"[1997, 2003]"
2015,1192,107,18,[]
2016,1192,283,20,"[2022, 2028, 2041]"
2017,1193,162,19,[2027]
2018,1194,1,17,[]
2019,1194,50,11,[]
2020,1194,176,14,"[2027, 2030]"
2021,1194,264,11,[]
2022,1196,278,9,"[2016, 2041]"
2023,1196,355,14,[2011]
2024,1196,378,14,[]
2025,1197,434,9,[]
2026,1198,130,18,"[2009, 2032]"
2027,1198,172,14,"[2017, 2020, 2045]"
2028,1198,285,12,"[2016, 2041]"
2029,1199,141,13,[2033]
2030,1199,186,14,[2020]
2031,1199,457,18,[2012]
2032,1200,127,25,"[2009, 2026]"
2033,1200,150,26,[2029]
2034,1201,37,19,"[2040, 2042, 2043, 2044]"
2035,1201,197,8,[]
2036,1202,87,15,[]
2037,1202,104,11,[]
2038,1202,232,17,[]
2039,1202,418,15,[]
2040,1203,26,20,[2034]
2041,1203,274,21,"[2016, 2022, 2028]"
2042,1204,41,15,"[2034, 2043, 2044]"
2043,1204,43,15,"[2034, 2042, 2044]"
2044,1204,45,15,"[2034, 2042, 2043]"
2045,1206,171,12,[2027]
2046,1207,247,17,[]
2047,1208,321,19,[]
2048,1210,391,9,[2049]
2049,1210,392,9,"[2048, 2054]"
2050,1210,429,17,[]
2051,1211,451,12,[2060]
2052,1212,382,13,[]
2053,1213,1,8,[2069]
2054,1213,396,10,"[2049, 2056]"
2055,1214,201,17,[]
2056,1215,404,25,[2054]
2057,1217,343,20,"[2063, 2074, 2082]"
2058,1218,11,9,[]
2059,1218,420,7,[2072]
2060,1218,454,15,"[2051, 2064, 2065, 2076]"
2061,1219,250,10,"[2062, 2068]"
2062,1220,252,16,"[2061, 2068, 2080]"
2063,1220,343,10,"[2057, 2074, 2082]"
2064,1220,448,10,[2060]
2065,1220,460,13,"[2060, 2076]"
2066,1221,20,11,[]
2067,1221,66,14,[]
2068,1221,253,15,"[2061, 2062, 2080]"
2069,1222,2,21,[2053]
2070,1222,127,16,[2081]
2071,1222,330,15,[]
2072,1222,416,17,[2059]
2073,1223,150,17,[]
2074,1223,347,14,"[2057, 2063, 2082]"
2075,1224,92,17,[]
2076,1224,462,17,"[2060, 2065]"
2077,1225,168,20,[]
2078,1225,179,17,[]
2079,1226,36,14,[]
2080,1226,257,26,"[2062, 2068]"
2081,1228,126,10,[2070]
2082,1229,343,17,"[2057, 2063, 2074]"
2083,1229,430,8,[2087]
2084,1232,59,18,[]
2085,1232,109,15,[]
2086,1233,250,15,[]
2087,1233,428,13,"[2083, 2093]"
2088,1233,448,10,[]
2089,1237,22,20,[]
2090,1237,127,12,[]
2091,1238,397,14,[2097]
2092,1240,237,22,[]
2093,1240,431,16,"[2087, 2101]"
2094,1240,440,10,"[2101, 2102]"
2095,1241,45,15,[]
2096,1241,190,12,[]
2097,1242,407,12,[2091]
2098,1243,14,6,[]
2099,1243,170,19,[]
2100,1243,283,12,[2104]
2101,1243,433,25,"[2093, 2094]"
2102,1244,445,9,[2094]
2103,1246,5,9,[2113]
2104,1246,280,13,[2100]
2105,1248,310,12,[]
2106,1249,58,10,[]
2107,1249,346,11,[2115]
2108,1250,106,16,[2109]
2109,1250,114,15,"[2108, 2114]"
2110,1250,207,14,[2118]
2111,1250,402,9,[]
2112,1251,252,9,[2116]
2113,1252,9,15,[2103]
2114,1253,116,8,[2109]
2115,1253,350,16,[2107]
2116,1254,254,15,[2112]
2117,1254,431,4,[]
2118,1257,206,14,[2110]
2119,1257,236,18,[]
2120,1257,264,13,[2132]
2121,1257,416,22,[]
2122,1258,95,9,[]
2123,1259,179,16,[2124]
2124,1260,178,19,[2123]
2125,1260,304,14,[]
2126,1263,116,7,[]
2127,1263,144,7,[]
2128,1264,0,19,[]
2129,1264,248,12,[]
2130,1265,155,15,[]
2131,1265,333,17,"[2133, 2137]"
2132,1266,263,21,"[2120, 2153]"
2133,1266,331,18,"[2131, 2137]"
2134,1266,355,25,[2141]
2135,1266,437,6,[]
2136,1267,290,13,"[2143, 2154]"
2137,1267,325,8,"[2131, 2133]"
2138,1267,390,22,[]
2139,1267,411,12,[]
2140,1268,56,9,[]
2141,1268,364,22,"[2134, 2151]"
2142,1269,107,18,[2161]
2143,1269,295,18,"[2136, 2154, 2159]"
2144,1269,464,18,[]
2145,1272,31,10,[]
2146,1273,424,15,[2164]
2147,1274,83,27,[2160]
2148,1274,231,17,[]
2149,1274,347,7,[]
2150,1274,449,7,[]
2151,1275,365,14,[2141]
2152,1276,95,10,[]
2153,1276,255,13,[2132]
2154,1276,285,20,"[2136, 2143]"
2155,1276,325,17,"[2169, 2170]"
2156,1276,438,16,"[2164, 2171]"
2157,1277,48,21,[2177]
2158,1277,185,17,[2174]
2159,1277,300,10,"[2143, 2166]"
2160,1278,82,22,[2147]
2161,1278,109,10,[2142]
2162,1279,136,13,[]
2163,1279,146,10,[]
2164,1279,429,19,"[2146, 2156, 2187, 2175]"
2165,1280,216,5,[]
2166,1280,299,6,[2159]
2167,1280,314,13,"[2168, 2169]"
2168,1282,318,7,"[2167, 2169]"
2169,1282,322,16,"[2155, 2167, 2168, 2170, 2191]"
2170,1282,330,11,"[2155, 2169, 2191]"
2171,1283,440,13,"[2156, 2187]"
2172,1285,264,10,[]
2173,1286,6,16,[2184]
2174,1286,186,24,[2158]
2175,1286,425,19,"[2164, 2187]"
2176,1287,26,20,[]
2177,1287,47,17,"[2157, 2190]"
2178,1287,378,25,"[2186, 2183]"
2179,1288,89,10,[2180]
2180,1288,91,8,[2179]
2181,1288,222,10,[2188]
2182,1289,125,14,[2192]
2183,1289,377,11,"[2186, 2178]"
2184,1290,9,18,[2173]
2185,1290,163,18,[]
2186,1290,380,16,"[2178, 2183]"
2187,1291,437,23,"[2164, 2171, 2175]"
2188,1293,221,11,[2181]
2189,1293,248,16,[]
2190,1294,44,14,[2177]
2191,1294,324,30,"[2208, 2169, 2170]"
2192,1296,123,7,[2182]
2193,1296,197,11,[]
2194,1296,340,15,[]
2195,1297,385,15,[]
2196,1297,399,4,[]
2197,1297,418,8,[]
2198,1298,143,22,[]
2199,1299,288,12,[]
2200,1300,102,10,[]
2201,1301,160,15,[]
2202,1301,356,14,[]
2203,1302,233,16,"[2205, 2215]"
2204,1303,172,18,[]
2205,1306,229,17,"[2203, 2215]"
2206,1307,4,7,[]
2207,1307,58,13,[]
2208,1307,335,16,"[2191, 2209]"
2209,1309,343,13,[2208]
2210,1310,217,11,[2215]
2211,1310,362,4,[]
2212,1310,444,7,[]
2213,1311,92,9,[]
2214,1313,208,8,[2225]
2215,1313,226,21,"[2203, 2205, 2210]"
2216,1313,371,11,[2219]
2217,1315,269,11,[]
2218,1316,3,8,[]
2219,1316,373,10,[2216]
2220,1317,254,10,[]
2221,1317,333,8,[]
2222,1318,176,19,[]
2223,1318,355,14,[]
2224,1318,399,11,[2227]
2225,1319,211,16,"[2214, 2232]"
2226,1319,283,7,[]
2227,1320,402,19,[2224]
2228,1320,445,12,"[2230, 2242]"
2229,1321,275,11,[]
2230,1321,453,23,"[2228, 2231, 2242]"
2231,1321,465,9,[2230]
2232,1322,200,16,"[2225, 2237]"
2233,1323,21,16,[]
2234,1323,35,14,[]
2235,1324,150,12,[]
2236,1326,128,17,[2243]
2237,1326,192,16,[2232]
2238,1326,282,11,[2239]
2239,1326,287,13,[2238]
2240,1327,52,9,[]
2241,1327,248,17,[]
2242,1327,445,21,"[2228, 2230, 2249]"
2243,1328,127,10,[2236]
2244,1328,434,6,[]
2245,1329,376,14,[]
2246,1332,314,10,[]
2247,1333,109,11,[]
2248,1334,42,6,[]
2249,1334,452,16,[2242]
2250,1335,97,18,[]
2251,1335,414,16,[2275]
2252,1336,131,15,[]
2253,1336,354,10,[]
2254,1337,149,16,[]
2255,1337,250,11,[2264]
2256,1338,10,24,[]
2257,1338,173,17,"[2259, 2271]"
2258,1338,220,12,[2261]
2259,1339,172,16,"[2257, 2271]"
2260,1339,202,8,[]
2261,1339,214,9,[2258]
2262,1339,262,13,[]
2263,1340,79,6,[]
2264,1340,251,8,[2255]
2265,1340,344,17,[]
2266,1341,34,19,[2273]
2267,1341,53,12,"[2269, 2274]"
2268,1341,301,14,"[2272, 2281, 2284]"
2269,1342,57,16,"[2267, 2274]"
2270,1342,115,18,[]
2271,1343,174,18,"[2257, 2259, 2280]"
2272,1343,306,18,"[2268, 2281, 2284]"
2273,1344,31,16,"[2266, 2283]"
2274,1344,48,16,"[2267, 2269]"
2275,1345,408,20,[2251]
2276,1346,426,14,[]
2277,1347,92,14,"[2279, 2286]"
2278,1347,319,13,[]
2279,1349,94,16,"[2277, 2286]"
2280,1349,172,6,[2271]
2281,1349,302,19,"[2268, 2272, 2284]"
2282,1349,389,18,[2289]
2283,1350,22,18,"[2273, 2291]"
2284,1350,307,13,"[2268, 2272, 2281]"
2285,1351,224,12,[]
2286,1352,103,17,"[2277, 2279, 2292, 2295]"
2287,1352,126,17,[]
2288,1352,204,12,[]
2289,1352,391,16,[2282]
2290,1353,464,11,[]
2291,1354,12,19,"[2283, 2306]"
2292,1354,104,9,"[2286, 2295]"
2293,1354,253,18,"[2302, 2303, 2313]"
2294,1354,360,10,[]
2295,1355,104,10,"[2286, 2292]"
2296,1355,161,14,[2309]
2297,1356,374,22,"[2298, 2300, 2317]"
2298,1356,376,12,"[2297, 2300, 2317]"
2299,1356,423,10,[]
2300,1357,373,11,"[2297, 2298, 2317]"
2301,1358,88,20,[2318]
2302,1358,259,16,"[2293, 2303, 2311, 2313]"
2303,1358,264,14,"[2293, 2302, 2311, 2313]"
2304,1358,401,24,[]
2305,1359,47,14,[]
2306,1360,9,12,[2291]
2307,1360,313,17,[2322]
2308,1361,176,4,[2314]
2309,1362,160,13,[2296]
2310,1362,181,9,[2314]
2311,1362,264,11,"[2302, 2303, 2313]"
2312,1364,30,20,[]
2313,1364,255,19,"[2293, 2302, 2303, 2311]"
2314,1365,180,19,"[2308, 2310]"
2315,1365,235,14,[2320]
2316,1365,295,7,[]
2317,1365,371,18,"[2297, 2298, 2300]"
2318,1366,83,21,[2301]
2319,1366,118,14,[]
2320,1366,229,9,[2315]
2321,1366,351,19,[]
2322,1367,304,16,[2307]
2323,1367,434,14,[]
