DropletID,CenterX,CenterY,Area,OverlappedDropletsID
1,0,246,13,"[6, 10]"
2,0,422,20,[18]
3,1,143,8,[15]
4,1,211,20,[26]
5,1,313,15,[]
6,2,240,10,"[1, 10]"
7,2,282,21,[]
8,2,332,19,[16]
9,3,107,8,[14]
10,3,249,20,"[1, 6]"
11,3,399,15,[]
12,3,442,16,[]
13,4,79,18,[22]
14,5,105,9,[9]
15,5,147,7,[3]
16,6,340,11,[8]
17,7,369,9,"[19, 21]"
18,8,419,11,"[2, 43]"
19,9,364,16,"[17, 21]"
20,10,39,14,[36]
21,10,369,18,"[17, 19, 32]"
22,11,84,12,[13]
23,11,172,16,[]
24,12,20,6,[]
25,12,97,14,[]
26,12,213,13,"[4, 44]"
27,13,54,11,"[41, 47, 49]"
28,13,297,21,[31]
29,14,27,10,[]
30,14,111,10,[]
31,14,305,12,[28]
32,14,376,13,[21]
33,14,460,14,[]
34,16,158,16,[]
35,16,344,7,[]
36,17,43,20,[20]
37,17,187,24,"[38, 39, 50, 51]"
38,17,191,14,"[37, 39, 50, 51]"
39,17,199,21,"[37, 38, 44, 57]"
40,18,126,14,[]
41,19,59,16,"[27, 47, 49]"
42,19,148,10,[]
43,19,418,21,"[18, 55]"
44,20,207,19,"[26, 39]"
45,20,329,20,[]
46,20,385,6,[48]
47,21,59,16,"[27, 41, 49]"
48,21,382,10,[46]
49,22,54,17,"[27, 41, 47]"
50,22,184,21,"[37, 38, 62, 51, 57]"
51,24,184,20,"[37, 38, 62, 50, 57]"
52,24,220,12,[54]
53,26,83,16,[]
54,27,220,8,[52]
55,27,420,13,[43]
56,28,65,5,[]
57,28,193,26,"[39, 62, 50, 51]"
58,28,345,12,[]
59,28,396,12,[]
60,29,228,13,[]
61,29,254,12,[]
62,31,190,22,"[50, 51, 57]"
63,33,30,18,[]
64,33,102,10,[65]
65,35,108,17,[64]
66,37,54,6,[]
67,37,187,14,[]
68,38,79,15,[]
69,38,400,11,[71]
70,38,438,9,[]
71,39,401,3,[69]
72,42,459,8,[]
73,45,135,15,[79]
74,45,171,19,[76]
75,45,204,18,[]
76,46,171,7,[74]
77,46,218,21,[]
78,46,413,7,[]
79,50,143,11,[73]
80,50,228,11,[]
81,50,282,12,[]
82,50,300,13,[]
83,51,152,11,[]
84,52,108,17,[]
85,52,267,11,[]
86,52,287,12,[]
87,52,455,14,"[92, 102]"
88,53,295,3,[]
89,54,184,16,[90]
90,54,192,32,"[89, 98]"
91,54,417,8,[100]
92,54,455,16,"[87, 102]"
93,55,3,19,[97]
94,55,370,13,[]
95,56,244,12,"[101, 105, 109]"
96,57,47,13,[]
97,59,14,13,"[93, 107]"
98,59,199,8,"[90, 111]"
99,59,421,6,[100]
100,59,421,13,"[91, 99]"
101,60,245,22,"[95, 105, 109]"
102,60,452,18,"[87, 92, 118]"
103,62,123,20,[]
104,62,212,6,[]
105,62,240,8,"[95, 101, 109]"
106,62,278,12,[]
107,63,16,21,"[97, 113, 125]"
108,63,168,23,[122]
109,63,238,19,"[95, 101, 105]"
110,64,261,16,[]
111,65,199,16,[98]
112,66,6,5,[]
113,66,14,6,[107]
114,68,417,13,[124]
115,69,37,9,"[123, 131]"
116,69,218,19,[]
117,69,338,12,[]
118,69,451,12,[102]
119,71,75,16,[]
120,71,96,12,[132]
121,71,158,15,[122]
122,71,162,19,"[108, 121]"
123,72,41,12,"[115, 131]"
124,73,414,14,[114]
125,74,18,17,[107]
126,74,192,12,[]
127,74,302,14,[]
128,75,355,20,"[143, 144]"
129,76,114,18,"[136, 137]"
130,76,277,4,[134]
131,77,34,16,"[115, 123]"
132,78,99,18,"[120, 147]"
133,78,188,3,[]
134,78,280,11,[130]
135,79,84,17,[151]
136,79,116,6,"[129, 137]"
137,80,111,18,"[129, 136, 147]"
138,80,205,13,[146]
139,80,324,9,[141]
140,80,400,17,"[149, 150, 153]"
141,81,325,15,[139]
142,81,456,6,[]
143,82,359,15,"[128, 144, 152]"
144,83,348,2,"[128, 143]"
145,84,133,11,[]
146,84,201,9,[138]
147,85,102,18,"[132, 137]"
148,85,243,13,[155]
149,85,400,7,"[140, 150, 153]"
150,85,408,23,"[140, 149]"
151,86,82,14,[135]
152,88,361,17,[143]
153,89,395,12,"[140, 149]"
154,91,261,8,[]
155,93,244,18,[148]
156,94,176,11,[]
157,94,274,11,[165]
158,94,444,12,[]
159,95,25,14,[]
160,95,111,22,[]
161,96,387,9,[]
162,98,191,17,[]
163,98,465,18,[]
164,99,201,17,[]
165,99,277,20,[157]
166,100,417,15,[]
167,101,4,12,[170]
168,101,367,11,[]
169,105,33,9,[]
170,106,12,20,"[167, 180]"
171,106,214,21,[]
172,108,159,13,[174]
173,108,309,7,[]
174,109,162,15,[172]
175,109,271,4,[]
176,109,437,5,[]
177,110,411,8,[]
178,111,175,11,[]
179,112,144,9,[]
180,114,8,16,[170]
181,114,78,17,[183]
182,115,21,16,[]
183,115,90,19,"[181, 190]"
184,115,285,21,[196]
185,116,388,11,[]
186,117,371,9,[]
187,118,301,9,[]
188,119,158,10,[]
189,119,205,8,[]
190,120,99,22,"[183, 207]"
191,121,327,21,[]
192,123,49,16,[197]
193,124,137,6,[204]
194,124,171,12,[]
195,124,224,15,[]
196,124,284,18,[184]
197,125,54,17,[192]
198,125,421,17,[216]
199,126,413,9,[]
200,127,216,9,[218]
201,127,373,16,[220]
202,128,33,11,[206]
203,128,133,7,"[204, 211]"
204,128,137,19,"[193, 203, 211]"
205,128,455,15,[]
206,129,35,20,"[202, 214]"
207,129,98,15,"[190, 210, 215, 217]"
208,130,404,4,[]
209,131,71,4,[]
210,132,103,9,"[207, 215, 217]"
211,132,130,13,"[203, 204]"
212,132,198,4,[]
213,132,307,13,[]
214,133,44,15,[206]
215,133,107,13,"[207, 210, 217]"
216,133,423,15,"[198, 224]"
217,134,104,20,"[207, 210, 215]"
218,134,217,17,[200]
219,134,264,19,[]
220,134,371,16,[201]
221,136,54,4,[222]
222,136,56,11,[221]
223,137,204,15,[]
224,137,422,26,[216]
225,138,230,16,"[227, 232]"
226,139,157,13,[]
227,140,229,10,"[225, 232]"
228,141,77,15,"[231, 234, 238, 240, 244]"
229,141,146,8,[246]
230,142,65,5,[]
231,143,87,14,"[228, 234, 240, 244]"
232,143,230,7,"[225, 227]"
233,143,297,11,[]
234,144,86,14,"[228, 231, 240, 244]"
235,145,336,15,[]
236,145,377,16,[]
237,146,318,19,[241]
238,147,74,13,[228]
239,147,215,12,[248]
240,148,85,14,"[228, 231, 234, 244]"
241,148,320,16,[237]
242,149,13,8,[]
243,149,133,14,"[245, 246, 252]"
244,150,84,13,"[228, 231, 234, 240]"
245,150,128,25,"[243, 246, 251, 252, 254]"
246,150,140,19,"[229, 243, 245, 252]"
247,150,159,18,[249]
248,153,216,9,[239]
249,154,154,17,[247]
250,155,106,21,[]
251,155,122,13,"[245, 252]"
252,155,129,18,"[243, 245, 246, 251, 254]"
253,156,9,12,[]
254,156,129,7,"[245, 252]"
255,157,200,9,[]
256,159,257,10,[]
257,160,69,15,[]
258,161,319,13,"[260, 263]"
259,162,183,16,[]
260,162,316,5,[258]
261,162,361,8,[]
262,165,164,5,[]
263,165,316,3,[258]
264,166,344,5,[]
265,166,427,12,[]
266,167,414,18,[]
267,169,332,11,[]
268,171,138,14,[]
269,173,466,21,[]
270,174,385,19,[276]
271,175,184,12,[]
272,175,283,9,[]
273,177,83,23,[]
274,177,158,7,[]
275,177,261,19,[279]
276,177,374,24,[270]
277,178,405,17,[]
278,179,239,10,[]
279,182,266,18,"[275, 286]"
280,183,381,8,[]
281,184,57,15,[]
282,185,224,18,[]
283,185,426,9,[]
284,188,71,5,[]
285,189,212,11,[301]
286,189,271,11,[279]
287,190,43,7,[]
288,190,139,10,[294]
289,190,307,17,[308]
290,192,4,16,[]
291,193,282,11,[306]
292,194,82,17,[]
293,194,174,12,[]
294,195,138,24,"[288, 305]"
295,195,340,13,[]
296,196,321,14,[302]
297,196,389,21,[]
298,196,465,14,[309]
299,197,24,16,[]
300,197,56,13,[311]
301,197,209,21,[285]
302,197,329,22,[296]
303,197,434,19,[]
304,198,101,9,[310]
305,200,140,11,"[294, 317]"
306,200,282,20,[291]
307,201,234,13,[]
308,201,302,25,[289]
309,201,465,14,[298]
310,202,103,7,[304]
311,203,61,17,[300]
312,203,350,6,[]
313,204,189,11,[315]
314,205,151,9,[]
315,205,193,13,[313]
316,206,21,9,[]
317,207,132,18,[305]
318,208,9,11,[]
319,208,89,5,[]
320,208,396,19,[]
321,211,254,10,[]
322,212,143,6,[]
323,214,18,15,[]
324,214,67,7,[]
325,214,306,11,[]
326,214,352,4,[]
327,216,45,20,"[342, 349]"
328,217,398,10,[331]
329,218,124,10,[]
330,218,290,9,[]
331,218,407,22,"[328, 338, 352]"
332,219,220,15,[]
333,219,265,19,[346]
334,221,144,11,[]
335,222,114,18,[344]
336,222,457,13,[]
337,223,276,6,[350]
338,223,408,8,"[331, 352]"
339,224,5,15,"[359, 364]"
340,224,63,12,[]
341,224,209,14,[345]
342,225,45,18,"[327, 349]"
343,226,245,15,[356]
344,227,118,8,[335]
345,227,215,11,[341]
346,227,270,13,"[333, 350]"
347,227,333,17,[]
348,227,394,15,"[351, 352]"
349,228,47,19,"[327, 342, 358]"
350,228,276,21,"[337, 346]"
351,228,400,15,"[348, 352]"
352,228,404,16,"[331, 338, 348, 351]"
353,229,370,21,[]
354,230,29,14,[358]
355,230,101,21,"[362, 371]"
356,230,252,14,[343]
357,230,450,10,[]
358,231,36,12,"[349, 354]"
359,232,12,15,"[339, 364, 369, 373]"
360,232,227,4,[363]
361,233,161,20,[381]
362,234,94,17,"[355, 371]"
363,234,229,17,"[360, 372]"
364,235,6,17,"[339, 359, 373, 379]"
365,236,148,12,[]
366,236,223,5,[]
367,236,242,9,[]
368,236,390,14,"[382, 387]"
369,237,19,9,"[359, 375]"
370,237,307,8,[]
371,238,91,23,"[355, 362]"
372,238,226,5,[363]
373,239,7,18,"[359, 364, 379]"
374,239,215,13,[]
375,240,22,18,[369]
376,241,40,15,[]
377,241,51,5,[]
378,241,283,13,[384]
379,242,7,15,"[364, 373]"
380,242,119,17,[394]
381,242,166,13,"[361, 383]"
382,243,398,16,"[368, 387, 388, 400]"
383,244,174,19,[381]
384,244,290,15,"[378, 393]"
385,244,377,9,[386]
386,245,370,17,[385]
387,245,392,15,"[368, 382, 398]"
388,246,405,15,"[382, 400]"
389,246,458,14,[396]
390,247,59,8,[397]
391,247,337,7,[]
392,248,245,3,[]
393,248,300,15,"[384, 402, 410]"
394,249,117,12,[380]
395,250,330,17,[]
396,250,458,9,[389]
397,251,66,19,"[390, 416]"
398,251,387,15,"[387, 408]"
399,252,227,13,[]
400,252,400,11,"[382, 388]"
401,253,244,10,[407]
402,253,302,7,"[393, 410]"
403,254,194,18,[426]
404,255,279,14,[]
405,255,340,16,[]
406,256,148,22,[]
407,256,254,21,"[401, 430]"
408,256,391,11,[398]
409,257,36,7,[]
410,257,300,14,"[393, 402]"
411,257,350,11,[]
412,258,170,20,[]
413,259,15,9,[]
414,259,77,7,"[419, 422]"
415,259,428,3,[]
416,260,70,12,"[397, 419, 422]"
417,261,269,12,[]
418,262,31,12,[]
419,262,77,14,"[414, 416, 422]"
420,262,91,9,[]
421,262,313,10,"[425, 434]"
422,263,77,16,"[414, 416, 419, 438]"
423,263,134,6,[]
424,263,218,17,[444]
425,263,315,9,"[421, 434]"
426,264,202,16,[403]
427,265,237,13,[428]
428,267,240,11,"[427, 430]"
429,267,346,16,[450]
430,268,249,18,"[407, 428]"
431,268,380,14,[445]
432,269,129,12,"[436, 439]"
433,269,263,6,[]
434,269,310,20,"[421, 425]"
435,270,66,7,[438]
436,270,140,19,[432]
437,270,293,15,[448]
438,271,72,22,"[422, 435]"
439,271,124,13,[432]
440,271,164,17,[451]
441,272,55,11,[442]
442,273,53,24,[441]
443,273,453,6,[]
444,274,217,15,"[424, 460]"
445,274,388,15,[431]
446,275,93,16,[452]
447,275,278,15,[]
448,275,290,10,[437]
449,276,431,19,[]
450,277,342,16,"[429, 461]"
451,278,157,15,[440]
452,280,102,16,[446]
453,280,258,3,[]
454,281,114,10,[]
455,282,353,15,[461]
456,282,448,22,"[457, 458, 467]"
457,283,448,17,"[456, 458, 467]"
458,283,451,14,"[456, 457, 467]"
459,285,36,13,[]
460,286,219,21,"[444, 480]"
461,286,345,16,"[450, 455]"
462,287,320,19,[]
463,288,186,21,[]
464,288,202,14,[]
465,289,147,27,[]
466,289,376,9,[]
467,289,453,11,"[456, 457, 458]"
468,290,245,11,[]
469,290,410,19,"[472, 474]"
470,293,13,18,[]
471,293,354,13,[483]
472,293,423,20,"[469, 474]"
473,294,127,21,[]
474,294,420,18,"[469, 472]"
475,295,388,22,[486]
476,296,44,4,[479]
477,296,442,15,[]
478,297,68,6,[]
479,298,50,15,[476]
480,298,230,20,[460]
481,299,85,14,[482]
482,300,81,17,"[481, 492, 499]"
483,300,357,12,[471]
484,301,46,4,[]
485,302,254,14,[]
486,302,395,18,[475]
487,302,452,9,[]
488,302,464,13,[]
489,306,142,14,[493]
490,306,372,14,"[501, 503]"
491,307,212,14,[]
492,308,81,17,"[482, 499]"
493,308,152,14,[489]
494,308,197,8,[]
495,309,23,13,[]
496,309,65,13,[]
497,309,113,23,[]
498,310,2,12,[]
499,310,76,14,"[482, 492]"
500,310,180,9,[]
501,310,369,11,"[490, 503]"
502,312,166,16,[504]
503,312,368,11,"[490, 501]"
504,314,165,17,"[502, 525]"
505,314,282,14,[507]
506,315,395,11,[]
507,316,285,18,[505]
508,317,239,15,[]
509,317,445,25,"[512, 523]"
510,318,269,25,[]
511,318,375,9,[518]
512,318,452,24,[509]
513,320,124,7,[516]
514,320,194,21,"[519, 526, 529]"
515,320,467,7,[]
516,321,122,15,[513]
517,321,219,14,[]
518,321,374,18,[511]
519,322,191,6,[514]
520,323,9,14,[]
521,323,60,16,[]
522,323,156,10,[]
523,323,440,21,"[509, 534]"
524,325,103,14,[]
525,325,168,20,"[504, 536]"
526,325,206,21,"[514, 529]"
527,325,326,13,[]
528,325,347,26,[]
529,326,204,14,"[514, 526]"
530,326,425,17,[]
531,327,301,9,[]
532,328,461,6,[]
533,329,134,8,[]
534,330,442,21,[523]
535,331,72,9,[]
536,331,170,15,[525]
537,332,275,18,[540]
538,336,393,16,[548]
539,337,190,12,[]
540,337,281,14,[537]
541,337,345,14,[542]
542,338,355,16,[541]
543,339,409,12,[]
544,340,61,17,[]
545,340,139,24,[551]
546,342,17,12,[]
547,342,69,5,[]
548,343,387,13,"[538, 554]"
549,343,423,9,[]
550,343,449,14,[]
551,344,134,18,[545]
552,344,208,9,[]
553,344,375,11,[]
554,345,386,10,[548]
555,352,82,8,[]
556,352,318,15,[558]
557,354,204,18,[]
558,354,325,11,[556]
559,356,107,12,[]
560,356,384,17,[569]
561,357,139,14,[]
562,357,151,6,[]
563,357,225,22,[572]
564,361,50,13,[574]
565,361,67,18,[]
566,363,188,18,[]
567,363,443,9,[]
568,364,205,6,[]
569,364,377,18,[560]
570,365,362,22,[]
571,366,180,8,[]
572,367,228,18,"[563, 585]"
573,367,407,14,"[584, 586]"
574,369,53,13,[564]
575,369,122,15,[]
576,370,273,16,[583]
577,370,449,11,[]
578,371,299,6,[579]
579,372,295,14,"[578, 588]"
580,374,106,19,[592]
581,375,71,14,[]
582,375,145,23,[591]
583,375,279,21,[576]
584,375,410,13,"[573, 586]"
585,377,225,17,[572]
586,377,403,18,"[573, 584]"
587,378,365,9,[]
588,380,296,26,[579]
589,382,89,17,[592]
590,383,9,9,[598]
591,383,134,16,"[582, 601]"
592,384,100,19,"[580, 589]"
593,384,173,15,[605]
594,384,191,6,[]
595,384,345,5,[]
596,385,35,12,[]
597,385,443,11,[]
598,387,5,21,[590]
599,387,235,14,[]
600,387,375,17,[]
601,388,132,9,"[591, 604]"
602,389,123,12,[604]
603,389,354,27,[]
604,390,123,14,"[601, 602]"
605,392,171,20,[593]
606,392,285,14,[]
607,394,253,13,[]
608,395,22,12,[]
609,395,79,14,[]
610,395,145,10,[]
611,395,434,9,[]
612,396,331,10,[]
613,398,320,11,[]
614,401,94,10,[619]
615,401,296,19,"[618, 632]"
616,401,426,11,[]
617,402,231,14,[]
618,402,293,13,[615]
619,403,98,20,"[614, 622, 623]"
620,403,144,15,[]
621,405,39,7,[]
622,405,103,16,"[619, 623]"
623,408,101,15,"[619, 622]"
624,408,188,11,[]
625,408,199,16,[]
626,408,431,10,[]
627,409,111,9,[]
628,409,124,19,[]
629,409,269,27,[]
630,409,447,14,[631]
631,409,448,22,[630]
632,410,302,12,"[615, 634]"
633,412,229,10,[]
634,412,304,8,[632]
635,414,209,16,[637]
636,415,8,7,"[638, 639, 640]"
637,416,217,15,"[635, 641]"
638,418,8,14,"[636, 639, 640, 650]"
639,418,10,18,"[636, 638, 640, 650]"
640,418,12,22,"[636, 638, 639, 650]"
641,418,223,13,[637]
642,420,35,12,[656]
643,422,58,5,[]
644,422,380,6,[]
645,423,92,16,[651]
646,423,186,18,[]
647,423,210,9,[]
648,423,260,10,[]
649,423,429,15,[]
650,424,11,15,"[638, 639, 640]"
651,424,102,14,[645]
652,425,154,8,"[658, 662]"
653,425,416,16,[]
654,426,399,10,[666]
655,426,462,16,[]
656,427,32,13,"[642, 663]"
657,427,48,10,[659]
658,427,153,15,"[652, 660, 662]"
659,428,56,12,[657]
660,428,160,10,[658]
661,428,341,18,[673]
662,429,145,19,"[652, 658]"
663,430,37,15,[656]
664,430,116,19,[674]
665,430,320,12,[]
666,430,400,17,[654]
667,431,75,17,[]
668,431,450,7,[]
669,434,5,14,[]
670,434,97,7,[]
671,434,126,10,[]
672,434,306,8,[]
673,434,338,8,[661]
674,435,119,9,[664]
675,436,384,15,[]
676,437,450,7,[]
677,438,295,16,[690]
678,439,368,16,"[682, 688, 704]"
679,440,204,7,[]
680,440,219,11,[]
681,440,325,22,[]
682,440,362,16,"[678, 688]"
683,441,417,14,[]
684,442,85,15,[708]
685,442,151,9,[702]
686,443,169,11,"[687, 693]"
687,443,172,21,"[686, 693]"
688,444,362,19,"[678, 682, 700, 704]"
689,445,17,16,"[692, 707]"
690,446,295,21,"[677, 697]"
691,446,402,20,"[706, 709]"
692,447,21,17,"[689, 707]"
693,447,174,15,"[686, 687]"
694,447,202,15,[695]
695,447,208,14,"[694, 712]"
696,447,248,12,[]
697,447,283,15,[690]
698,447,436,15,[]
699,448,77,9,[708]
700,448,359,6,[688]
701,448,463,8,[]
702,449,147,18,[685]
703,449,193,13,[]
704,450,370,13,"[678, 688, 705]"
705,450,376,7,[704]
706,450,398,2,"[691, 709]"
707,451,21,10,"[689, 692]"
708,452,80,16,"[684, 699]"
709,452,406,14,"[691, 706]"
710,453,134,12,[]
711,453,308,7,[]
712,454,213,10,[695]
713,455,199,9,[]
714,457,110,11,[]
715,457,251,9,[]
716,460,10,14,[]
717,460,232,4,[]
718,460,298,8,[]
719,460,331,19,[]
720,460,381,9,[]
721,460,432,18,[727]
722,461,447,21,[723]
723,462,457,19,[722]
724,465,393,12,[]
725,468,24,13,[]
726,468,281,18,[728]
727,470,434,21,"[721, 743]"
728,471,287,15,[726]
729,472,48,9,[]
730,472,157,24,[731]
731,472,159,13,[730]
732,473,338,12,[738]
733,473,358,13,[]
734,473,366,8,[735]
735,473,373,17,"[734, 736]"
736,473,373,13,[735]
737,474,317,14,[]
738,474,341,12,[732]
739,476,449,10,[]
740,478,131,14,[]
741,478,194,12,[]
742,479,8,20,[]
743,479,435,12,"[727, 745]"
744,480,395,8,[]
745,480,438,7,[743]
746,481,412,13,[]
747,482,115,13,[749]
748,483,74,12,[]
749,486,112,14,[747]
750,487,52,7,[751]
751,489,50,14,"[750, 761]"
752,491,233,18,[]
753,493,283,10,"[762, 763]"
754,493,360,19,[]
755,495,295,16,[763]
756,495,423,21,[]
757,496,156,13,"[760, 766]"
758,496,246,11,[]
759,496,310,11,[]
760,497,156,11,"[757, 766]"
761,498,51,12,[751]
762,498,280,15,"[753, 763, 771]"
763,498,287,12,"[753, 755, 762]"
764,498,343,15,[]
765,500,117,14,[769]
766,501,148,15,"[757, 760, 781, 785]"
767,502,386,6,[]
768,503,30,14,[784]
769,504,118,19,[765]
770,504,262,16,[783]
771,505,279,7,[762]
772,505,465,12,[777]
773,506,218,21,"[782, 786]"
774,507,194,13,[778]
775,507,331,15,[794]
776,508,164,15,[]
777,508,462,11,"[772, 792, 793]"
778,509,191,22,"[774, 788]"
779,509,301,9,[789]
780,510,11,12,[]
781,510,149,17,"[766, 785, 790]"
782,510,217,7,[773]
783,510,257,22,"[770, 803]"
784,512,33,12,[768]
785,512,150,17,"[766, 781, 790]"
786,512,228,23,"[773, 795]"
787,514,72,13,[]
788,514,185,17,[778]
789,514,300,21,"[779, 797]"
790,515,150,19,"[781, 785]"
791,515,386,18,[]
792,515,455,16,"[777, 793, 810, 811]"
793,515,459,15,"[777, 792, 811]"
794,516,335,17,[775]
795,517,234,8,[786]
796,517,264,7,"[802, 803]"
797,517,302,10,[789]
798,517,435,14,[804]
799,518,105,16,"[806, 809]"
800,518,124,14,[816]
801,519,243,16,[]
802,520,257,14,"[796, 803]"
803,521,259,23,"[783, 796, 802]"
804,521,428,19,[798]
805,522,88,16,"[808, 821]"
806,522,113,18,"[799, 809]"
807,522,377,10,"[812, 813, 818]"
808,523,93,15,"[805, 821]"
809,523,106,9,"[799, 806]"
810,523,452,10,"[792, 811]"
811,523,458,11,"[792, 793, 810]"
812,525,375,13,"[807, 813, 818]"
813,526,374,18,"[807, 812, 818]"
814,528,140,14,[822]
815,528,321,14,[826]
816,529,127,18,[800]
817,529,286,6,[]
818,529,380,14,"[807, 812, 813]"
819,530,39,16,[]
820,530,68,9,[]
821,530,92,13,"[805, 808]"
822,531,147,11,[814]
823,535,76,7,[]
824,535,458,17,"[827, 835]"
825,537,68,6,[]
826,537,325,18,"[815, 834]"
827,538,461,17,"[824, 835]"
828,539,267,20,[]
829,541,416,15,[]
830,541,436,13,[833]
831,542,33,11,[]
832,542,400,22,[]
833,542,434,16,[830]
834,543,324,11,[826]
835,543,459,15,"[824, 827, 851]"
836,546,297,16,[844]
837,547,184,14,[853]
838,547,389,10,[]
839,548,93,19,"[846, 849]"
840,548,150,12,[]
841,548,200,25,[]
842,549,24,14,"[843, 845]"
843,550,31,10,[842]
844,550,297,12,[836]
845,551,21,4,[842]
846,551,88,7,"[839, 849]"
847,551,340,19,[]
848,551,416,8,[]
849,552,93,11,"[839, 846]"
850,552,284,12,[]
851,552,454,23,"[835, 856]"
852,554,74,8,[]
853,554,178,17,"[837, 864]"
854,556,217,8,[]
855,557,433,13,[]
856,557,459,8,[851]
857,559,298,12,[]
858,561,18,14,[865]
859,561,52,11,[863]
860,561,107,13,[871]
861,561,224,7,[862]
862,561,226,7,[861]
863,562,45,18,[859]
864,562,173,12,[853]
865,566,15,14,"[858, 873, 879]"
866,566,323,15,[869]
867,566,363,3,[]
868,567,239,28,[]
869,567,323,8,[866]
870,569,79,14,"[875, 886, 889]"
871,569,100,20,"[860, 884]"
872,569,146,11,[]
873,570,25,14,"[865, 879]"
874,571,397,12,"[877, 882]"
875,572,72,13,"[870, 885, 886]"
876,572,382,7,[]
877,572,401,19,"[874, 882]"
878,572,464,8,[]
879,573,26,20,"[865, 873]"
880,573,199,15,[]
881,573,339,13,[883]
882,573,395,14,"[874, 877]"
883,574,348,19,[881]
884,576,91,15,"[871, 889]"
885,577,71,15,"[875, 886, 900, 905]"
886,577,76,15,"[870, 875, 885, 889, 900]"
887,577,169,19,"[888, 898, 901, 904]"
888,577,177,18,[887]
889,578,85,17,"[870, 884, 886, 900]"
890,578,310,3,[]
891,579,257,12,[]
892,581,194,13,[]
893,582,137,8,[]
894,582,150,10,[]
895,582,212,11,[]
896,582,371,9,[]
897,582,467,17,[]
898,583,162,8,"[887, 904]"
899,583,352,4,[]
900,584,79,15,"[885, 886, 889]"
901,584,169,13,"[887, 904]"
902,585,52,11,[909]
903,585,102,13,[]
904,585,168,10,"[887, 898, 901]"
905,586,66,16,"[885, 909]"
906,586,360,13,[]
907,588,202,18,[910]
908,588,448,7,[]
909,589,59,12,"[902, 905]"
910,589,203,14,[907]
911,589,426,17,"[913, 915, 917]"
912,590,313,18,[]
913,590,416,22,"[911, 915, 917]"
914,591,222,15,[]
915,591,422,24,"[911, 913, 917]"
916,592,287,11,[]
917,592,419,18,"[911, 913, 915]"
918,594,128,13,[]
919,595,239,16,[]
920,597,115,11,[929]
921,598,188,10,[]
922,598,454,18,[925]
923,599,47,15,[]
924,600,202,8,[]
925,600,448,12,[922]
926,601,225,8,[931]
927,601,434,17,[]
928,603,175,16,[936]
929,605,111,13,[920]
930,606,26,19,"[934, 935]"
931,606,228,17,[926]
932,606,289,8,[937]
933,606,396,22,[]
934,608,18,20,"[930, 940, 946]"
935,608,37,23,[930]
936,609,172,7,[928]
937,609,287,12,[932]
938,610,121,18,[]
939,610,147,15,[]
940,611,7,17,"[934, 946]"
941,611,424,19,[943]
942,613,57,22,[]
943,613,429,7,[941]
944,614,368,11,[]
945,615,83,17,[]
946,616,10,19,"[934, 940]"
947,617,252,21,[]
948,618,25,25,[954]
949,618,138,10,[]
950,618,297,19,[952]
951,618,388,13,[]
952,620,308,21,[950]
953,620,404,12,[]
954,623,29,12,[948]
955,623,201,16,[]
956,624,67,9,[]
957,624,191,13,[]
958,624,236,15,[966]
959,624,454,11,[]
960,626,151,7,[964]
961,626,340,17,[]
962,627,358,12,[]
963,628,415,8,[973]
964,629,151,11,[960]
965,629,222,20,[]
966,630,236,13,[958]
967,631,4,20,[]
968,631,323,19,[]
969,633,31,12,[]
970,633,386,14,[]
971,634,22,8,[]
972,634,272,11,"[976, 982]"
973,634,413,14,[963]
974,635,54,14,[]
975,636,115,16,[983]
976,636,269,15,"[972, 982]"
977,637,174,8,[]
978,639,207,15,[]
979,639,438,10,[]
980,640,351,12,[]
981,640,423,13,[]
982,641,272,11,"[972, 976]"
983,644,107,11,[975]
984,644,151,10,[986]
985,644,232,17,"[997, 990]"
986,645,149,19,[984]
987,646,182,21,[]
988,646,461,22,[]
989,647,65,15,[]
990,647,227,18,"[997, 985, 999, 1002, 1014]"
991,648,248,7,[]
992,649,44,4,[]
993,649,308,18,[1009]
994,649,435,11,[996]
995,650,90,11,[]
996,650,440,16,[994]
997,652,232,20,"[985, 990]"
998,652,455,5,[]
999,653,222,14,"[1002, 1013, 1014, 1015, 990]"
1000,654,280,18,"[1008, 1020]"
1001,655,166,11,[]
1002,655,230,12,"[999, 1013, 1014, 1015, 990]"
1003,656,19,15,[1027]
1004,657,453,8,[]
1005,658,115,22,[1006]
1006,658,122,10,[1005]
1007,658,142,10,[1012]
1008,658,274,29,"[1000, 1016, 1020]"
1009,658,302,15,[993]
1010,658,357,17,[1028]
1011,659,79,13,[1030]
1012,659,145,21,[1007]
1013,659,224,13,"[999, 1002, 1014, 1015]"
1014,659,225,19,"[999, 1002, 1013, 1015, 990]"
1015,659,233,19,"[999, 1002, 1013, 1014]"
1016,659,264,23,[1008]
1017,660,100,9,[]
1018,661,187,17,[]
1019,661,206,13,[]
1020,662,278,11,"[1000, 1008]"
1021,662,288,5,[]
1022,662,324,15,[1025]
1023,662,444,21,[]
1024,664,52,4,[]
1025,664,326,25,[1022]
1026,664,385,12,[1031]
1027,665,18,19,"[1003, 1034]"
1028,665,353,11,"[1010, 1035]"
1029,666,34,20,[]
1030,668,79,17,[1011]
1031,668,389,18,"[1026, 1038]"
1032,670,257,20,[1040]
1033,670,285,13,[]
1034,671,15,5,[1027]
1035,671,354,20,[1028]
1036,672,0,8,[]
1037,673,56,10,[]
1038,674,396,20,[1031]
1039,675,117,12,[]
1040,675,248,18,"[1032, 1046]"
1041,675,296,14,[1051]
1042,675,427,16,[]
1043,677,43,25,[]
1044,677,63,8,[]
1045,678,175,16,"[1047, 1048]"
1046,678,238,15,[1040]
1047,682,176,18,"[1045, 1048, 1065]"
1048,682,179,8,"[1045, 1047]"
1049,682,189,9,[1058]
1050,682,319,8,[1056]
1051,683,298,11,[1041]
1052,683,379,6,[]
1053,684,357,12,[]
1054,684,383,5,[]
1055,685,29,13,[1057]
1056,685,321,22,[1050]
1057,687,24,17,"[1055, 1070]"
1058,688,192,14,[1049]
1059,689,135,11,[]
1060,689,159,22,[]
1061,689,220,8,[]
1062,690,250,19,[1063]
1063,690,253,19,[1062]
1064,690,402,19,[]
1065,691,177,16,[1047]
1066,692,439,17,[1075]
1067,693,3,15,[1070]
1068,694,110,15,[]
1069,694,460,20,[1071]
1070,695,14,15,"[1057, 1067]"
1071,696,466,11,[1069]
1072,697,299,6,[]
1073,697,324,25,[]
1074,699,205,8,[]
1075,700,443,9,[1066]
1076,701,60,11,[]
1077,701,428,8,[]
1078,702,130,23,[1082]
1079,703,223,11,[]
1080,703,242,6,[]
1081,703,291,13,[]
1082,705,132,12,[1078]
1083,709,150,12,[]
1084,709,458,16,[]
1085,710,234,12,[]
1086,711,430,18,[]
1087,712,248,11,[]
1088,713,440,8,[]
1089,714,61,15,[]
1090,714,314,16,[1105]
1091,715,408,12,[]
1092,717,156,11,[]
1093,717,290,14,[]
1094,718,179,11,[]
1095,718,219,16,[1097]
1096,720,23,19,"[1107, 1115]"
1097,720,219,14,[1095]
1098,722,280,7,[]
1099,722,451,15,[1103]
1100,723,71,15,[]
1101,723,249,15,[1111]
1102,723,345,17,[]
1103,723,451,10,[1099]
1104,724,34,7,[]
1105,724,320,19,"[1090, 1114]"
1106,724,437,14,[]
1107,726,16,10,"[1096, 1115]"
1108,726,86,21,[]
1109,726,204,14,[]
1110,726,390,2,[]
1111,727,257,9,[1101]
1112,727,298,15,[]
1113,729,142,18,[]
1114,731,314,16,[1105]
1115,732,18,18,"[1096, 1107, 1126]"
1116,732,371,20,[1136]
1117,732,460,21,[1122]
1118,734,100,12,[]
1119,734,447,9,[1122]
1120,735,185,15,[1134]
1121,737,114,13,[1139]
1122,737,448,18,"[1117, 1119, 1137]"
1123,738,39,9,[]
1124,738,253,15,[]
1125,739,54,18,[]
1126,740,19,19,[1115]
1127,740,329,21,"[1128, 1133]"
1128,740,330,12,"[1127, 1133]"
1129,741,160,21,[]
1130,741,219,3,[1131]
1131,741,224,20,"[1130, 1132, 1141]"
1132,741,228,7,"[1131, 1141]"
1133,742,326,10,"[1127, 1128]"
1134,743,192,18,"[1120, 1144, 1158]"
1135,743,268,14,[]
1136,743,376,16,"[1116, 1152]"
1137,745,457,14,"[1122, 1143]"
1138,746,86,20,[1148]
1139,746,107,18,[1121]
1140,746,205,16,"[1144, 1156, 1158]"
1141,746,224,13,"[1131, 1132]"
1142,746,400,17,"[1153, 1168]"
1143,746,451,5,[1137]
1144,747,199,17,"[1134, 1140, 1158]"
1145,749,245,16,[]
1146,749,283,13,[1167]
1147,749,367,13,[1152]
1148,750,82,7,[1138]
1149,750,434,12,[]
1150,751,145,15,"[1155, 1162, 1164]"
1151,751,298,16,[1159]
1152,751,373,13,"[1136, 1147]"
1153,751,395,10,"[1142, 1160, 1168]"
1154,752,63,10,"[1163, 1166]"
1155,752,143,8,[1150]
1156,752,209,10,[1140]
1157,752,347,10,[1170]
1158,753,197,22,"[1134, 1140, 1144]"
1159,753,298,19,[1151]
1160,753,389,10,"[1153, 1168]"
1161,754,7,17,[]
1162,755,152,11,"[1150, 1164, 1173]"
1163,756,65,8,"[1154, 1166]"
1164,756,152,14,"[1150, 1162, 1173]"
1165,756,234,20,[]
1166,757,58,16,"[1154, 1163]"
1167,757,277,16,"[1146, 1181, 1183]"
1168,757,394,15,"[1142, 1153, 1160]"
1169,758,87,8,[]
1170,759,351,12,"[1157, 1178]"
1171,761,222,6,[]
1172,761,257,17,[1187]
1173,762,161,20,"[1162, 1164]"
1174,762,378,13,[]
1175,763,286,16,[]
1176,763,304,10,[]
1177,764,449,18,[]
1178,765,353,18,"[1170, 1194]"
1179,766,112,7,[1180]
1180,766,120,20,[1179]
1181,766,273,14,"[1167, 1183]"
1182,767,70,20,[]
1183,767,271,17,"[1167, 1181]"
1184,768,234,15,[]
1185,768,340,10,[]
1186,771,459,18,[]
1187,772,252,16,"[1172, 1189, 1191]"
1188,774,62,10,[]
1189,774,254,15,"[1187, 1191, 1200]"
1190,775,108,8,[]
1191,775,260,12,"[1187, 1189, 1200]"
1192,775,293,11,"[1193, 1201]"
1193,775,297,13,"[1192, 1201]"
1194,775,351,13,[1178]
1195,777,380,5,[1202]
1196,778,243,8,[]
1197,780,76,12,[]
1198,781,212,16,[]
1199,781,230,14,[]
1200,781,263,20,"[1189, 1191, 1204]"
1201,781,292,12,"[1192, 1193]"
1202,781,374,20,"[1195, 1208, 1216, 1221]"
1203,782,30,17,[]
1204,782,265,9,[1200]
1205,782,447,13,[]
1206,783,144,19,[1209]
1207,783,181,14,[1210]
1208,783,375,14,"[1202, 1216, 1221]"
1209,784,156,19,"[1206, 1214]"
1210,784,186,17,[1207]
1211,785,12,17,[]
1212,785,281,9,[]
1213,786,42,8,[]
1214,786,161,9,[1209]
1215,787,242,14,[]
1216,787,380,20,"[1202, 1208, 1221]"
1217,789,431,8,[]
1218,790,74,8,[]
1219,791,352,15,[]
1220,792,363,9,[]
1221,793,375,19,"[1202, 1208, 1216]"
1222,794,224,19,[1227]
1223,796,42,13,[]
1224,797,196,8,[]
1225,798,150,14,[]
1226,798,163,12,[]
1227,799,215,13,[1222]
1228,800,438,12,[]
1229,805,389,17,[]
1230,807,53,12,"[1233, 1242]"
1231,807,290,5,[]
1232,809,440,14,[1238]
1233,811,53,10,"[1230, 1242]"
1234,811,141,20,"[1253, 1259]"
1235,811,269,10,[]
1236,812,90,21,[]
1237,812,417,17,[1243]
1238,812,435,8,[1232]
1239,813,320,20,[1255]
1240,813,382,14,[]
1241,814,299,10,[]
1242,815,51,12,"[1230, 1233]"
1243,815,419,14,[1237]
1244,816,42,7,[]
1245,817,225,21,"[1263, 1267]"
1246,818,189,16,[1254]
1247,819,104,7,"[1251, 1256]"
1248,819,211,13,[1257]
1249,819,343,13,[]
1250,820,98,8,[1251]
1251,820,103,12,"[1247, 1250, 1256]"
1252,820,455,13,[]
1253,821,134,19,[1234]
1254,821,181,22,"[1246, 1260]"
1255,821,311,22,[1239]
1256,822,108,14,"[1247, 1251]"
1257,822,208,14,[1248]
1258,822,258,23,[1265]
1259,823,146,13,"[1234, 1261]"
1260,823,180,9,[1254]
1261,824,144,6,[1259]
1262,824,199,10,[]
1263,824,221,13,"[1245, 1267]"
1264,824,286,18,[]
1265,825,271,15,[1258]
1266,827,157,18,[]
1267,827,223,16,"[1245, 1263, 1270, 1283]"
1268,828,362,18,"[1271, 1279]"
1269,828,415,13,[]
1270,829,232,17,"[1267, 1275]"
1271,829,372,18,"[1268, 1279]"
1272,830,430,19,[]
1273,830,460,18,[1280]
1274,831,21,12,[1290]
1275,833,235,13,[1270]
1276,833,354,3,[]
1277,834,96,13,[]
1278,835,35,16,[]
1279,835,370,14,"[1268, 1271, 1292]"
1280,835,453,8,[1273]
1281,836,51,14,[1285]
1282,836,182,19,[1288]
1283,836,223,11,[1267]
1284,836,319,10,[]
1285,839,48,13,[1281]
1286,839,122,15,"[1287, 1301]"
1287,839,134,19,[1286]
1288,839,192,20,"[1282, 1306]"
1289,839,272,11,[]
1290,840,15,16,"[1274, 1305]"
1291,841,358,14,[1299]
1292,841,378,12,[1279]
1293,842,158,14,[1298]
1294,842,247,23,[]
1295,842,262,16,[1307]
1296,843,83,4,[]
1297,844,91,12,[1302]
1298,844,152,12,[1293]
1299,844,358,19,[1291]
1300,845,68,6,[]
1301,845,118,15,[1286]
1302,846,95,8,[1297]
1303,847,305,19,[1308]
1304,847,337,26,"[1309, 1312]"
1305,848,8,14,"[1290, 1317, 1320]"
1306,848,193,25,[1288]
1307,848,265,16,[1295]
1308,848,303,8,[1303]
1309,848,340,15,"[1304, 1312]"
1310,848,391,14,[]
1311,850,220,15,"[1316, 1326, 1329]"
1312,850,335,15,"[1304, 1309]"
1313,851,322,15,[]
1314,852,0,9,[1317]
1315,852,421,17,[]
1316,853,216,10,"[1311, 1326, 1329]"
1317,854,0,19,"[1305, 1314, 1320, 1332]"
1318,854,139,14,[]
1319,854,276,11,[1323]
1320,855,11,21,"[1305, 1317, 1332]"
1321,855,246,8,[]
1322,858,195,10,[1336]
1323,858,276,12,[1319]
1324,859,371,19,[]
1325,860,33,15,[1335]
1326,860,223,21,"[1311, 1316, 1329, 1339]"
1327,860,236,7,[]
1328,860,410,13,[]
1329,861,219,19,"[1311, 1316, 1326]"
1330,861,293,14,[1340]
1331,861,400,5,[]
1332,862,3,20,"[1317, 1320, 1348]"
1333,862,168,15,[]
1334,862,462,15,[1344]
1335,864,35,10,[1325]
1336,864,201,18,"[1322, 1345]"
1337,864,353,16,[]
1338,864,390,14,[]
1339,865,228,9,[1326]
1340,865,296,23,[1330]
1341,866,446,26,"[1344, 1347, 1353]"
1342,868,381,13,"[1346, 1362]"
1343,869,337,16,[]
1344,869,451,23,"[1334, 1341, 1347, 1353, 1359]"
1345,870,206,6,[1336]
1346,870,376,11,"[1342, 1362]"
1347,870,445,17,"[1341, 1344, 1353, 1359]"
1348,871,5,15,[1332]
1349,872,48,20,[1364]
1350,872,68,9,[1356]
1351,872,276,19,"[1357, 1361]"
1352,873,103,7,[1365]
1353,873,446,11,"[1341, 1344, 1347, 1359]"
1354,874,360,12,[1358]
1355,875,24,13,[]
1356,875,71,14,"[1350, 1366]"
1357,876,285,14,[1351]
1358,876,362,18,"[1354, 1362]"
1359,876,444,14,"[1344, 1347, 1353]"
1360,877,169,15,[]
1361,877,276,5,[1351]
1362,877,375,23,"[1342, 1346, 1358]"
1363,878,428,18,"[1370, 1375]"
1364,879,50,10,"[1349, 1381]"
1365,879,101,16,"[1352, 1377]"
1366,880,81,19,"[1356, 1382]"
1367,880,119,12,[1373]
1368,880,191,10,[]
1369,880,235,11,[]
1370,880,434,11,"[1363, 1375]"
1371,881,318,16,[]
1372,882,336,15,[]
1373,884,113,12,[1367]
1374,884,417,6,[]
1375,884,437,15,"[1363, 1370]"
1376,885,4,5,[]
1377,886,94,12,[1365]
1378,886,262,14,[1390]
1379,887,17,12,[]
1380,887,24,7,[]
1381,887,58,23,[1364]
1382,888,77,16,"[1366, 1386]"
1383,889,236,12,[]
1384,889,284,8,[]
1385,889,457,18,[1388]
1386,890,83,11,[1382]
1387,890,153,10,[]
1388,890,461,12,[1385]
1389,891,138,13,[]
1390,893,263,12,[1378]
1391,894,214,20,[1401]
1392,895,296,16,[]
1393,895,322,7,[]
1394,896,418,14,[]
1395,897,432,11,[]
1396,899,115,21,[]
1397,899,142,9,[]
1398,899,245,10,[]
1399,899,357,5,[]
1400,900,130,10,[]
1401,900,216,22,[1391]
1402,900,338,16,[]
1403,901,347,13,[]
1404,902,55,11,[1407]
1405,902,87,14,[]
1406,902,192,12,[1408]
1407,903,58,21,"[1404, 1425]"
1408,904,185,13,[1406]
1409,907,302,12,[1410]
1410,907,306,8,[1409]
1411,907,358,22,[]
1412,908,41,17,[]
1413,908,420,6,[]
1414,909,70,10,[1416]
1415,911,221,12,[]
1416,912,70,12,"[1414, 1430]"
1417,912,129,14,[1431]
1418,912,415,3,[]
1419,913,168,12,[]
1420,913,192,19,[]
1421,913,239,14,[1428]
1422,913,332,18,[1432]
1423,914,393,11,[]
1424,914,445,12,[]
1425,915,56,16,[1407]
1426,915,86,14,[1434]
1427,916,459,15,[]
1428,917,233,14,[1421]
1429,919,299,2,[]
1430,920,70,10,[1416]
1431,920,133,18,[1417]
1432,920,335,15,[1422]
1433,920,430,11,[]
1434,924,96,30,"[1426, 1435, 1439, 1443, 1445, 1451]"
1435,925,97,11,"[1434, 1439, 1443, 1445]"
1436,925,152,15,[]
1437,925,177,7,[]
1438,926,326,13,"[1449, 1453]"
1439,927,102,17,"[1434, 1435, 1443, 1451]"
1440,929,44,13,[]
1441,929,235,7,[]
1442,929,401,16,[1446]
1443,930,91,21,"[1434, 1435, 1439, 1445]"
1444,930,259,9,[]
1445,932,92,12,"[1434, 1435, 1443]"
1446,932,401,13,[1442]
1447,932,428,11,[]
1448,933,177,14,[1452]
1449,933,320,18,"[1438, 1453, 1468]"
1450,933,412,4,[]
1451,936,106,16,"[1434, 1439]"
1452,936,171,20,[1448]
1453,937,326,18,"[1438, 1449, 1468]"
1454,938,342,16,[]
1455,938,445,15,[1464]
1456,938,460,14,[1461]
1457,939,8,18,[1458]
1458,939,11,11,[1457]
1459,939,244,7,[]
1460,940,252,9,[]
1461,940,464,22,[1456]
1462,941,294,12,[]
1463,941,413,14,[1466]
1464,941,449,5,[1455]
1465,942,237,7,[]
1466,942,416,13,[1463]
1467,943,64,23,"[1471, 1475, 1479]"
1468,943,328,18,"[1449, 1453]"
1469,943,365,15,[1472]
1470,944,301,9,[1476]
1471,945,56,21,"[1467, 1479]"
1472,945,370,17,[1469]
1473,945,384,14,"[1474, 1488]"
1474,945,387,19,"[1473, 1488]"
1475,946,75,16,"[1467, 1479]"
1476,946,310,23,"[1470, 1481]"
1477,947,348,10,[1487]
1478,948,38,8,[1489]
1479,948,68,19,"[1467, 1471, 1475]"
1480,948,92,9,[1482]
1481,948,315,13,[1476]
1482,949,90,11,[1480]
1483,949,221,12,[1495]
1484,949,253,12,[1485]
1485,949,258,16,[1484]
1486,950,338,3,[]
1487,951,351,14,[1477]
1488,951,392,15,"[1473, 1474]"
1489,952,37,18,"[1478, 1505]"
1490,952,206,15,[1506]
1491,952,269,11,[]
1492,954,131,12,[]
1493,956,26,9,[1497]
1494,956,159,21,"[1500, 1501, 1515]"
1495,958,226,23,"[1483, 1496, 1498, 1506, 1516]"
1496,958,230,25,"[1495, 1516]"
1497,959,26,18,"[1493, 1504]"
1498,959,216,11,"[1495, 1506]"
1499,959,369,11,[]
1500,960,151,9,"[1494, 1501]"
1501,962,156,21,"[1494, 1500, 1515]"
1502,962,180,11,[]
1503,962,440,14,[1514]
1504,963,18,18,[1497]
1505,963,38,17,[1489]
1506,963,214,21,"[1490, 1495, 1498]"
1507,963,414,20,[1511]
1508,964,125,20,[]
1509,964,302,13,[]
1510,964,384,12,[]
1511,964,420,8,[1507]
1512,965,291,8,[]
1513,965,324,12,"[1517, 1521]"
1514,966,448,9,[1503]
1515,967,157,13,"[1494, 1501]"
1516,967,236,14,"[1495, 1496]"
1517,967,316,16,[1513]
1518,967,363,13,[1523]
1519,968,80,16,[]
1520,968,259,8,[]
1521,971,331,18,[1513]
1522,972,461,8,[]
1523,973,357,15,[1518]
1524,973,420,9,[]
1525,975,89,22,[]
1526,976,105,15,"[1530, 1536]"
1527,976,411,11,[]
1528,977,32,10,[1539]
1529,978,53,19,[]
1530,979,111,10,"[1526, 1541]"
1531,980,142,13,"[1532, 1546]"
1532,980,148,20,"[1531, 1546]"
1533,980,377,5,[]
1534,981,20,11,[]
1535,982,72,9,[1540]
1536,982,104,7,[1526]
1537,983,252,24,[]
1538,984,425,13,[]
1539,985,31,17,[1528]
1540,985,65,17,[1535]
1541,985,112,11,[1530]
1542,985,301,8,[]
1543,986,47,7,[1550]
1544,986,96,18,[1559]
1545,986,160,16,"[1548, 1555]"
1546,987,148,14,"[1531, 1532]"
1547,987,411,19,"[1551, 1554, 1564]"
1548,988,161,16,"[1545, 1555, 1562]"
1549,988,352,10,[]
1550,990,46,18,"[1543, 1552]"
1551,990,415,12,"[1547, 1564]"
1552,991,43,9,[1550]
1553,991,390,14,[1554]
1554,991,401,25,"[1547, 1553]"
1555,992,165,5,"[1545, 1548, 1558]"
1556,992,458,11,[]
1557,993,131,16,[1568]
1558,994,170,16,[1555]
1559,996,96,18,"[1544, 1567, 1572]"
1560,996,144,17,[1568]
1561,996,317,8,[]
1562,997,155,12,[1548]
1563,997,332,13,[]
1564,997,419,17,"[1547, 1551, 1577]"
1565,998,8,17,[]
1566,998,445,17,[1576]
1567,1000,104,11,[1559]
1568,1000,135,17,"[1557, 1560]"
1569,1000,348,14,"[1571, 1574]"
1570,1002,267,14,[1573]
1571,1002,354,7,"[1569, 1574]"
1572,1003,90,17,"[1559, 1578, 1586]"
1573,1003,277,18,"[1570, 1583]"
1574,1003,357,11,"[1569, 1571]"
1575,1004,37,9,[]
1576,1004,445,17,[1566]
1577,1006,418,12,[1564]
1578,1008,93,13,"[1572, 1586, 1587]"
1579,1008,373,9,[1589]
1580,1009,47,12,[]
1581,1009,118,14,[]
1582,1009,326,16,[]
1583,1010,271,10,[1573]
1584,1012,2,19,[1585]
1585,1012,7,16,[1584]
1586,1013,88,11,"[1572, 1578, 1587]"
1587,1013,96,16,"[1578, 1586]"
1588,1013,248,15,"[1594, 1595]"
1589,1013,367,10,[1579]
1590,1014,229,17,[1593]
1591,1014,342,18,[]
1592,1015,192,18,[]
1593,1016,225,18,[1590]
1594,1016,244,8,"[1588, 1595]"
1595,1016,244,9,"[1588, 1594]"
1596,1016,314,7,[]
1597,1016,403,12,[]
1598,1016,467,19,[]
1599,1017,135,7,[]
1600,1017,423,20,"[1604, 1607]"
1601,1019,438,15,[1612]
1602,1020,109,12,[]
1603,1020,278,10,[]
1604,1020,426,16,"[1600, 1607]"
1605,1023,181,14,[]
1606,1024,139,8,[]
1607,1024,424,13,"[1600, 1604, 1614]"
1608,1026,37,13,[]
1609,1026,373,12,[1616]
1610,1027,207,7,[]
1611,1027,247,13,[]
1612,1030,440,17,[1601]
1613,1031,343,13,[]
1614,1031,427,12,[1607]
1615,1032,21,21,[]
1616,1032,369,9,"[1609, 1628]"
1617,1032,389,5,[]
1618,1033,148,15,[]
1619,1033,197,21,"[1631, 1636]"
1620,1034,2,8,[]
1621,1034,217,14,[]
1622,1036,121,17,[]
1623,1036,407,16,[1629]
1624,1037,42,22,[]
1625,1038,80,25,[1626]
1626,1038,83,13,[1625]
1627,1039,350,10,"[1632, 1641]"
1628,1039,372,15,[1616]
1629,1039,400,20,"[1623, 1634]"
1630,1040,71,6,[1643]
1631,1040,195,22,"[1619, 1636, 1640]"
1632,1040,352,12,"[1627, 1641]"
1633,1041,325,14,[]
1634,1041,393,5,[1629]
1635,1042,428,7,[]
1636,1043,186,23,"[1619, 1631, 1640, 1654]"
1637,1044,136,23,[1639]
1638,1045,113,16,[]
1639,1045,142,12,[1637]
1640,1045,198,11,"[1631, 1636]"
1641,1045,350,15,"[1627, 1632]"
1642,1045,455,15,[]
1643,1046,67,23,[1630]
1644,1046,241,15,[]
1645,1047,19,11,[]
1646,1047,92,14,"[1651, 1653]"
1647,1051,414,14,[1650]
1648,1053,50,11,[]
1649,1053,209,23,[1658]
1650,1054,408,14,[1647]
1651,1055,97,14,"[1646, 1653, 1659]"
1652,1055,128,15,[]
1653,1056,99,13,"[1646, 1651, 1659]"
1654,1056,178,19,"[1636, 1657]"
1655,1056,270,3,[]
1656,1056,463,10,[1663]
1657,1057,174,12,[1654]
1658,1057,211,22,[1649]
1659,1058,94,13,"[1651, 1653]"
1660,1059,241,19,[1664]
1661,1059,278,17,[1684]
1662,1059,398,17,[1673]
1663,1059,457,24,"[1656, 1669, 1674]"
1664,1060,249,18,[1660]
1665,1060,304,11,[]
1666,1062,354,16,[1676]
1667,1063,425,9,[]
1668,1064,265,8,[]
1669,1064,463,11,"[1663, 1674, 1687]"
1670,1065,188,14,[]
1671,1067,150,18,[1681]
1672,1067,292,7,[]
1673,1067,392,23,[1662]
1674,1067,461,17,"[1663, 1669, 1687]"
1675,1068,66,19,[1680]
1676,1068,353,20,[1666]
1677,1070,126,14,[1700]
1678,1070,435,15,"[1691, 1701]"
1679,1071,5,23,[]
1680,1071,80,19,"[1675, 1690]"
1681,1071,150,19,[1671]
1682,1071,222,16,[1707]
1683,1071,269,12,"[1684, 1694, 1698]"
1684,1071,274,17,"[1661, 1683, 1694, 1703]"
1685,1071,411,20,[1692]
1686,1071,452,8,[1702]
1687,1071,460,12,"[1669, 1674, 1702]"
1688,1072,36,19,[]
1689,1072,53,10,[]
1690,1072,87,26,[1680]
1691,1072,430,18,[1678]
1692,1073,418,12,[1685]
1693,1074,199,10,[]
1694,1074,272,5,"[1683, 1684]"
1695,1074,297,7,[]
1696,1074,307,17,[1704]
1697,1074,329,13,[1699]
1698,1075,263,14,[1683]
1699,1075,322,12,[1697]
1700,1077,127,17,"[1677, 1706]"
1701,1077,444,13,[1678]
1702,1077,455,11,"[1686, 1687]"
1703,1078,285,20,[1684]
1704,1079,309,16,[1696]
1705,1082,109,18,[]
1706,1083,129,13,[1700]
1707,1083,223,18,"[1682, 1709]"
1708,1084,21,8,[]
1709,1084,214,12,[1707]
1710,1084,365,5,[]
1711,1086,167,19,[]
1712,1087,8,12,[1715]
1713,1087,267,15,[1721]
1714,1088,240,12,[]
1715,1091,9,9,[1712]
1716,1091,317,15,[]
1717,1092,33,21,[]
1718,1093,104,14,[]
1719,1094,127,17,[1734]
1720,1096,267,8,[1721]
1721,1096,274,16,"[1713, 1720]"
1722,1096,309,4,[]
1723,1097,196,14,[]
1724,1097,251,16,[]
1725,1098,46,17,[1733]
1726,1098,169,8,[]
1727,1098,179,9,[]
1728,1099,79,10,"[1731, 1738, 1745]"
1729,1099,350,18,"[1735, 1744]"
1730,1100,449,6,[1740]
1731,1102,76,6,"[1728, 1745]"
1732,1102,135,16,[1734]
1733,1103,45,17,"[1725, 1752]"
1734,1103,127,16,"[1719, 1732, 1743]"
1735,1103,339,24,"[1729, 1744, 1751]"
1736,1103,399,15,"[1737, 1760]"
1737,1103,403,18,"[1736, 1760]"
1738,1104,82,12,"[1728, 1739]"
1739,1104,91,18,[1738]
1740,1104,448,10,[1730]
1741,1105,153,15,"[1747, 1753]"
1742,1106,17,15,[1758]
1743,1106,120,11,"[1734, 1746]"
1744,1106,351,20,"[1729, 1735]"
1745,1107,70,19,"[1728, 1731]"
1746,1108,117,7,[1743]
1747,1108,148,9,"[1741, 1753]"
1748,1108,261,15,[1749]
1749,1108,271,10,"[1748, 1759]"
1750,1109,209,15,[1767]
1751,1109,334,17,"[1735, 1773]"
1752,1110,46,10,[1733]
1753,1110,149,12,"[1741, 1747, 1766]"
1754,1110,380,12,[]
1755,1111,238,15,[]
1756,1111,281,8,"[1759, 1762]"
1757,1112,5,5,[1761]
1758,1112,23,10,[1742]
1759,1112,273,15,"[1749, 1756]"
1760,1112,397,16,"[1736, 1737]"
1761,1113,0,9,[1757]
1762,1114,284,6,[1756]
1763,1114,457,18,[1771]
1764,1115,105,16,[]
1765,1115,466,6,[1772]
1766,1117,151,15,"[1753, 1775]"
1767,1117,211,15,"[1750, 1769]"
1768,1119,138,10,[]
1769,1119,219,13,[1767]
1770,1119,313,21,[1779]
1771,1119,457,11,[1763]
1772,1119,466,8,[1765]
1773,1120,330,15,[1751]
1774,1121,121,20,[]
1775,1122,158,8,[1766]
1776,1122,354,10,[]
1777,1124,29,17,[1786]
1778,1125,291,6,[]
1779,1125,313,11,[1770]
1780,1126,408,17,[1797]
1781,1127,172,8,[]
1782,1128,193,12,[]
1783,1128,224,10,[]
1784,1129,87,6,[]
1785,1129,342,10,[1788]
1786,1130,20,21,[1777]
1787,1130,93,5,[]
1788,1130,335,11,"[1785, 1801]"
1789,1133,245,15,[1805]
1790,1134,100,8,[]
1791,1134,144,19,"[1794, 1810]"
1792,1135,66,12,[1816]
1793,1135,126,16,"[1794, 1799]"
1794,1135,131,14,"[1791, 1793, 1799]"
1795,1135,223,11,"[1802, 1803]"
1796,1135,267,15,[]
1797,1136,412,18,"[1780, 1814, 1820]"
1798,1137,301,15,[]
1799,1138,132,12,"[1793, 1794]"
1800,1138,191,8,[1807]
1801,1138,342,19,"[1788, 1825]"
1802,1139,220,19,"[1795, 1803]"
1803,1139,226,13,"[1795, 1802]"
1804,1139,458,11,[1821]
1805,1141,253,23,[1789]
1806,1141,316,12,[]
1807,1142,191,9,[1800]
1808,1142,329,18,[1825]
1809,1143,93,14,[]
1810,1143,151,14,"[1791, 1817]"
1811,1143,287,17,[]
1812,1144,5,13,[]
1813,1144,372,8,[1819]
1814,1144,408,16,"[1797, 1820, 1829, 1832]"
1815,1145,45,6,[1823]
1816,1145,59,19,"[1792, 1823, 1824]"
1817,1145,159,17,"[1810, 1830]"
1818,1146,122,12,[1828]
1819,1146,365,18,[1813]
1820,1146,406,23,"[1797, 1814, 1829, 1832]"
1821,1146,462,11,[1804]
1822,1147,34,21,[]
1823,1147,47,18,"[1815, 1816, 1824]"
1824,1147,53,4,"[1816, 1823]"
1825,1147,342,19,"[1801, 1808]"
1826,1148,236,6,[]
1827,1148,440,21,[]
1828,1151,124,16,[1818]
1829,1151,416,15,"[1814, 1820, 1832]"
1830,1153,162,19,[1817]
1831,1153,243,7,[]
1832,1153,405,23,"[1814, 1820, 1829, 1837]"
1833,1154,56,3,[]
1834,1154,259,9,[]
1835,1155,202,15,[]
1836,1156,301,17,[1840]
1837,1157,393,15,"[1832, 1850]"
1838,1158,335,13,[]
1839,1159,265,12,[]
1840,1162,296,8,[1836]
1841,1163,60,18,[]
1842,1163,285,13,[1851]
1843,1164,44,10,[1844]
1844,1164,46,7,[1843]
1845,1164,457,12,[]
1846,1165,104,5,[]
1847,1165,229,15,[]
1848,1166,253,10,[]
1849,1166,367,13,[1852]
1850,1166,397,18,[1837]
1851,1168,286,8,[1842]
1852,1168,362,17,[1849]
1853,1169,345,16,[1858]
1854,1170,183,20,[]
1855,1171,45,10,[1859]
1856,1171,203,12,"[1857, 1864]"
1857,1173,211,21,[1856]
1858,1173,349,17,[1853]
1859,1174,47,7,[1855]
1860,1174,160,17,[1865]
1861,1176,453,13,"[1871, 1873]"
1862,1177,196,24,"[1863, 1864]"
1863,1177,198,11,"[1862, 1864]"
1864,1179,197,18,"[1856, 1862, 1863, 1875]"
1865,1180,158,15,[1860]
1866,1180,224,15,[]
1867,1180,307,10,[]
1868,1180,353,6,[]
1869,1181,19,12,[1880]
1870,1181,251,13,[1876]
1871,1182,452,12,"[1861, 1873]"
1872,1183,323,18,[]
1873,1184,458,17,"[1861, 1871]"
1874,1185,149,12,[]
1875,1185,205,13,[1864]
1876,1187,256,14,"[1870, 1882]"
1877,1189,124,8,"[1878, 1881]"
1878,1189,128,8,"[1877, 1879]"
1879,1189,136,15,"[1878, 1886]"
1880,1190,16,18,[1869]
1881,1190,116,17,"[1877, 1884]"
1882,1191,251,8,[1876]
1883,1191,409,13,[]
1884,1192,111,19,"[1881, 1889]"
1885,1193,40,13,[]
1886,1194,140,9,[1879]
1887,1194,279,8,[]
1888,1195,387,13,[1891]
1889,1196,103,19,[1884]
1890,1196,327,13,[]
1891,1197,395,15,[1888]
1892,1198,163,14,[]
1893,1198,363,19,[1898]
1894,1198,427,18,[]
1895,1198,450,15,[1901]
1896,1199,245,8,[]
1897,1199,336,11,[]
1898,1200,351,18,[1893]
1899,1200,463,11,[]
1900,1201,58,5,[]
1901,1201,441,10,[1895]
1902,1202,206,20,[1911]
1903,1203,127,2,[]
1904,1205,1,20,"[1905, 1906, 1910]"
1905,1205,2,18,"[1904, 1906, 1910]"
1906,1206,4,28,"[1904, 1905, 1910, 1919]"
1907,1206,378,17,[]
1908,1207,254,15,[]
1909,1207,313,11,[]
1910,1208,1,21,"[1904, 1905, 1906]"
1911,1210,204,13,[1902]
1912,1210,285,11,[]
1913,1211,26,12,[1918]
1914,1211,107,9,[]
1915,1211,221,19,[]
1916,1211,344,11,[]
1917,1211,463,20,[]
1918,1212,23,14,"[1913, 1919]"
1919,1213,15,14,"[1906, 1918]"
1920,1214,163,13,"[1931, 1935]"
1921,1216,370,22,[1938]
1922,1216,436,15,[1925]
1923,1218,37,9,[]
1924,1218,305,17,[]
1925,1218,446,23,"[1922, 1942]"
1926,1219,155,12,"[1930, 1931, 1934, 1941]"
1927,1219,276,18,[]
1928,1220,87,9,[1940]
1929,1220,149,3,[1930]
1930,1220,151,14,"[1926, 1929, 1934, 1941]"
1931,1220,163,15,"[1920, 1926, 1934, 1935, 1941]"
1932,1221,97,16,"[1940, 1948]"
1933,1221,132,11,[]
1934,1221,155,12,"[1926, 1930, 1931, 1941]"
1935,1222,166,22,"[1920, 1931, 1941]"
1936,1222,207,19,[1949]
1937,1222,220,12,"[1947, 1949]"
1938,1223,373,16,[1921]
1939,1223,406,18,"[1945, 1951]"
1940,1224,87,24,"[1928, 1932]"
1941,1224,156,15,"[1926, 1930, 1931, 1934, 1935]"
1942,1224,456,11,"[1925, 1950]"
1943,1226,52,10,[]
1944,1226,387,5,[]
1945,1226,408,13,[1939]
1946,1227,137,8,[]
1947,1227,219,15,"[1937, 1949]"
1948,1228,102,17,"[1932, 1953]"
1949,1228,212,21,"[1936, 1937, 1947]"
1950,1228,452,8,[1942]
1951,1231,397,16,[1939]
1952,1233,26,9,[]
1953,1236,100,11,"[1948, 1955, 1962, 1963]"
1954,1236,311,17,[1972]
1955,1238,99,8,"[1953, 1962, 1963]"
1956,1239,129,17,[1974]
1957,1239,291,16,[]
1958,1239,406,13,[1975]
1959,1239,455,11,"[1960, 1964, 1970]"
1960,1240,453,7,"[1959, 1970]"
1961,1242,67,11,[1965]
1962,1242,102,12,"[1953, 1955, 1963]"
1963,1242,106,20,"[1953, 1955, 1962, 1974]"
1964,1242,463,15,[1959]
1965,1243,68,8,[1961]
1966,1243,205,16,"[1967, 1988]"
1967,1243,213,8,[1966]
1968,1243,257,12,[]
1969,1243,345,13,"[1973, 1978]"
1970,1243,453,8,"[1959, 1960]"
1971,1244,184,12,[]
1972,1244,316,12,[1954]
1973,1244,340,7,[1969]
1974,1245,119,20,"[1956, 1963]"
1975,1246,413,15,[1958]
1976,1247,222,15,[1993]
1977,1251,290,10,[]
1978,1251,347,19,[1969]
1979,1252,153,11,[]
1980,1252,242,15,[]
1981,1252,401,12,[]
1982,1253,11,16,[]
1983,1253,191,14,"[1987, 1988, 1992]"
1984,1253,385,12,[1995]
1985,1253,427,15,[]
1986,1254,40,15,[1996]
1987,1254,197,13,"[1983, 1988]"
1988,1254,203,21,"[1966, 1983, 1987]"
1989,1254,363,13,[]
1990,1256,84,17,[1997]
1991,1256,140,11,"[1998, 2001]"
1992,1256,179,21,[1983]
1993,1256,226,19,"[1976, 1999, 2002]"
1994,1257,255,16,[]
1995,1257,392,11,[1984]
1996,1258,48,14,[1986]
1997,1259,81,10,[1990]
1998,1259,135,27,"[1991, 2001]"
1999,1259,219,11,"[1993, 2002]"
2000,1260,457,8,[]
2001,1261,141,17,"[1991, 1998, 2013, 2023]"
2002,1262,223,12,"[1993, 1999]"
2003,1264,280,13,[]
2004,1265,247,5,"[2009, 2016]"
2005,1265,291,17,[2027]
2006,1266,73,15,[2012]
2007,1266,356,16,[]
2008,1266,373,18,[]
2009,1267,248,12,"[2004, 2016]"
2010,1267,339,12,[]
2011,1267,428,15,"[2018, 2020]"
2012,1268,68,14,[2006]
2013,1268,148,17,[2001]
2014,1269,198,18,[]
2015,1270,123,20,"[2022, 2023]"
2016,1270,246,16,"[2004, 2009, 2037]"
2017,1270,396,16,[2029]
2018,1270,433,8,[2011]
2019,1271,41,5,[]
2020,1271,425,6,[2011]
2021,1272,53,8,[2031]
2022,1272,123,12,[2015]
2023,1272,136,20,"[2001, 2015]"
2024,1272,208,4,[]
2025,1272,446,17,[]
2026,1273,278,10,[2038]
2027,1273,296,16,[2005]
2028,1273,311,14,[]
2029,1273,391,11,[2017]
2030,1274,226,15,[2037]
2031,1275,51,6,[2021]
2032,1275,87,7,[]
2033,1275,101,15,[]
2034,1275,360,4,[]
2035,1278,435,9,[]
2036,1279,216,13,[]
2037,1280,236,19,"[2016, 2030, 2043, 2047]"
2038,1280,283,15,[2026]
2039,1281,425,11,[]
2040,1282,381,13,[]
2041,1283,17,22,[]
2042,1283,191,23,[2044]
2043,1284,244,17,"[2037, 2047]"
2044,1285,193,17,[2042]
2045,1286,80,22,[]
2046,1286,307,15,[]
2047,1287,235,21,"[2037, 2043]"
2048,1288,65,9,[]
2049,1288,344,18,[]
2050,1289,128,19,[2052]
2051,1290,37,29,[]
2052,1291,135,18,[2050]
2053,1291,447,15,[]
2054,1293,4,15,[]
2055,1293,290,25,"[2056, 2063]"
2056,1293,294,25,"[2055, 2063]"
2057,1294,161,18,[]
2058,1294,249,9,[]
2059,1294,390,12,[2070]
2060,1295,56,17,[]
2061,1296,145,15,[]
2062,1297,207,7,[2065]
2063,1297,292,9,"[2055, 2056]"
2064,1298,95,13,"[2066, 2068]"
2065,1298,209,17,[2062]
2066,1300,90,15,"[2064, 2068]"
2067,1301,404,18,[2087]
2068,1302,90,13,"[2064, 2066]"
2069,1302,182,8,[]
2070,1302,386,12,[2059]
2071,1302,455,12,[]
2072,1303,109,17,[]
2073,1303,272,17,[]
2074,1304,11,17,[]
2075,1304,463,6,[]
2076,1306,301,15,[]
2077,1307,20,9,[2085]
2078,1308,134,19,[2081]
2079,1308,236,20,[]
2080,1309,66,10,[]
2081,1309,134,12,[2078]
2082,1309,166,18,[2096]
2083,1309,208,10,[]
2084,1309,371,9,[]
2085,1310,20,8,[2077]
2086,1311,94,8,[2095]
2087,1311,410,16,[2067]
2088,1312,76,8,[]
2089,1312,145,6,[]
2090,1312,195,3,[]
2091,1312,289,8,[]
2092,1314,394,16,[2104]
2093,1316,302,15,[2106]
2094,1316,436,19,[2099]
2095,1317,94,12,[2086]
2096,1317,173,16,"[2082, 2100]"
2097,1320,34,18,[2108]
2098,1320,114,25,[]
2099,1320,442,13,"[2094, 2109]"
2100,1321,169,10,[2096]
2101,1321,205,13,[]
2102,1321,285,13,[]
2103,1323,360,18,[]
2104,1324,399,16,[2092]
2105,1325,12,22,[]
2106,1325,301,15,"[2093, 2110]"
2107,1325,454,16,[]
2108,1326,36,4,[2097]
2109,1326,444,10,[2099]
2110,1328,310,10,"[2106, 2117]"
2111,1330,285,4,[]
2112,1330,330,7,[]
2113,1332,179,20,[2123]
2114,1333,161,30,[2136]
2115,1334,105,17,[]
2116,1334,231,8,[]
2117,1334,310,15,[2110]
2118,1335,275,17,[]
2119,1335,409,12,[]
2120,1336,212,12,[2125]
2121,1336,372,17,[2131]
2122,1336,432,10,[2127]
2123,1339,180,7,[2113]
2124,1339,456,8,[]
2125,1340,212,11,[2120]
2126,1340,251,16,[]
2127,1340,422,19,[2122]
2128,1341,48,16,"[2133, 2139]"
2129,1341,63,13,[]
2130,1341,120,18,[2134]
2131,1341,368,19,[2121]
2132,1342,128,5,[2134]
2133,1344,51,13,"[2128, 2139]"
2134,1344,121,14,"[2130, 2132]"
2135,1344,288,14,[2141]
2136,1345,164,18,"[2114, 2144, 2154]"
2137,1346,1,10,"[2140, 2150]"
2138,1346,205,11,[]
2139,1347,48,22,"[2128, 2133, 2153]"
2140,1349,4,14,"[2137, 2150]"
2141,1349,294,21,"[2135, 2152, 2166]"
2142,1349,311,8,[2152]
2143,1349,453,12,"[2146, 2148]"
2144,1350,154,16,"[2136, 2154]"
2145,1350,408,15,[2157]
2146,1350,458,10,[2143]
2147,1351,78,21,[]
2148,1351,446,17,[2143]
2149,1352,323,13,[]
2150,1353,0,16,"[2137, 2140]"
2151,1353,106,19,[]
2152,1353,303,15,"[2141, 2142]"
2153,1354,58,14,"[2139, 2168]"
2154,1355,160,20,"[2136, 2144, 2163, 2165]"
2155,1356,200,18,[2171]
2156,1356,285,9,[]
2157,1357,401,17,"[2145, 2160]"
2158,1358,382,17,[]
2159,1359,187,17,[]
2160,1359,399,17,[2157]
2161,1360,25,10,[2167]
2162,1360,255,18,[]
2163,1361,164,12,"[2154, 2165]"
2164,1361,237,15,[2172]
2165,1362,163,13,"[2154, 2163]"
2166,1363,295,18,[2141]
2167,1364,30,10,[2161]
2168,1364,62,19,[2153]
2169,1365,13,11,[]
2170,1365,138,22,[2175]
2171,1365,201,15,[2155]
2172,1366,235,15,[2164]
2173,1366,343,7,[]
2174,1366,372,11,[]
2175,1367,143,18,[2170]
2176,1367,410,15,[]
