DropletID,CenterX,CenterY,Area,OverlappedDropletsID
1,0,73,17,"[6, 10]"
2,0,166,17,[29]
3,0,418,14,[16]
4,1,104,15,[7]
5,1,140,15,"[11, 17]"
6,2,68,17,"[1, 10]"
7,2,110,24,"[4, 14]"
8,2,227,21,[]
9,2,381,15,[24]
10,3,71,3,"[1, 6]"
11,3,136,9,[5]
12,3,276,13,[]
13,4,369,15,[15]
14,5,118,13,[7]
15,5,363,10,[13]
16,5,417,18,"[3, 27]"
17,6,148,10,"[5, 25]"
18,6,214,14,[20]
19,6,394,10,[]
20,8,217,5,[18]
21,8,335,16,[42]
22,9,131,8,[]
23,11,352,13,[]
24,11,386,13,[9]
25,12,149,19,"[17, 30, 38]"
26,12,299,12,[40]
27,12,407,19,"[16, 45]"
28,13,14,13,[]
29,13,164,18,"[2, 30, 38]"
30,15,158,14,"[25, 29, 38]"
31,16,462,7,[]
32,17,181,18,[]
33,17,310,7,[]
34,18,110,14,[]
35,18,134,8,[]
36,18,234,17,"[39, 44]"
37,18,249,14,[44]
38,19,154,15,"[25, 29, 30]"
39,19,231,16,[36]
40,19,296,15,"[26, 49, 54]"
41,19,419,11,[]
42,20,335,23,"[21, 46]"
43,21,48,9,[50]
44,21,240,12,"[36, 37]"
45,21,399,14,"[27, 47]"
46,22,349,15,"[42, 58, 66]"
47,22,393,21,"[45, 68]"
48,22,444,20,"[61, 56, 71]"
49,24,298,14,"[40, 54, 63]"
50,25,42,14,[43]
51,25,430,16,[56]
52,26,16,13,"[55, 57]"
53,26,92,17,[]
54,26,302,16,"[40, 49, 63]"
55,27,20,11,[52]
56,27,435,13,"[48, 51]"
57,28,11,16,[52]
58,28,349,18,"[46, 66, 80]"
59,29,128,4,[]
60,29,412,20,[81]
61,30,450,14,[48]
62,31,254,18,[]
63,31,298,15,"[49, 54]"
64,31,375,8,[74]
65,32,183,18,[]
66,32,352,16,"[80, 46, 58]"
67,33,314,14,[]
68,33,394,24,"[47, 88]"
69,34,29,18,[]
70,34,114,17,[]
71,34,443,16,[48]
72,35,125,11,[]
73,35,276,10,[]
74,35,377,21,[64]
75,36,6,8,[]
76,36,173,4,[]
77,36,197,9,[]
78,36,219,20,[]
79,36,230,5,[83]
80,38,355,15,"[66, 58, 102]"
81,38,412,7,[60]
82,40,455,11,[89]
83,41,234,21,"[79, 109, 110, 100]"
84,41,332,14,[]
85,42,7,11,[]
86,42,65,11,[92]
87,42,128,7,[94]
88,42,394,18,[68]
89,42,458,8,[82]
90,44,318,3,[96]
91,45,36,10,[99]
92,45,58,23,"[108, 86, 114]"
93,45,76,18,[]
94,45,125,8,[87]
95,45,169,19,"[105, 106]"
96,45,316,13,[90]
97,46,45,12,"[108, 99]"
98,46,251,18,"[101, 120]"
99,47,38,13,"[91, 97]"
100,47,226,18,"[109, 110, 83, 123]"
101,47,247,16,"[98, 120]"
102,47,359,14,[80]
103,48,345,16,[117]
104,49,21,11,[]
105,49,166,19,"[95, 106]"
106,49,174,8,"[95, 105]"
107,49,430,9,[]
108,50,52,12,"[92, 97]"
109,50,223,14,"[110, 83, 100]"
110,50,225,22,"[109, 83, 100]"
111,51,150,13,[]
112,53,96,19,"[115, 122, 129]"
113,53,276,15,[121]
114,54,51,14,"[119, 92]"
115,54,95,10,"[112, 122]"
116,54,193,13,[133]
117,54,346,11,[103]
118,54,410,17,[131]
119,55,48,12,[114]
120,55,254,17,"[98, 101]"
121,55,280,14,[113]
122,57,91,11,"[112, 115]"
123,57,226,15,"[134, 135, 100]"
124,57,462,13,"[136, 138]"
125,58,322,13,[]
126,58,336,24,[]
127,58,397,15,"[131, 142]"
128,59,435,19,[146]
129,60,98,4,[112]
130,60,173,9,[]
131,60,402,18,"[118, 127, 142]"
132,62,141,19,[]
133,62,196,16,[116]
134,62,227,18,"[123, 135, 144]"
135,62,228,15,"[123, 134, 144]"
136,62,455,11,"[124, 138]"
137,64,186,12,[]
138,64,460,13,"[124, 136]"
139,65,285,6,[154]
140,65,294,13,"[141, 154]"
141,67,296,11,"[140, 154]"
142,67,401,25,"[127, 131]"
143,67,418,21,[160]
144,68,235,21,"[134, 135]"
145,68,260,5,[]
146,68,434,16,"[128, 151]"
147,69,4,11,"[155, 156]"
148,69,311,13,[]
149,70,104,17,[152]
150,70,274,9,[]
151,70,434,7,[146]
152,71,97,21,"[149, 161, 165, 169]"
153,71,208,9,[]
154,71,290,21,"[139, 140, 141]"
155,72,12,14,"[147, 156]"
156,75,10,14,"[147, 155]"
157,75,131,14,[]
158,75,162,8,[]
159,75,350,3,[]
160,75,421,23,[143]
161,76,89,14,"[152, 165, 169]"
162,76,248,8,[]
163,76,331,11,[]
164,78,67,5,[]
165,78,90,11,"[152, 161, 169]"
166,78,316,27,[179]
167,78,380,19,[]
168,79,41,14,[175]
169,79,94,11,"[152, 161, 165, 173]"
170,80,170,13,[178]
171,81,195,24,[]
172,81,449,17,[176]
173,82,100,9,[169]
174,82,264,7,[]
175,83,42,12,[168]
176,84,447,11,[172]
177,85,25,14,[]
178,85,174,18,[170]
179,85,313,12,[166]
180,86,251,8,[187]
181,87,290,17,[193]
182,88,0,22,"[183, 184]"
183,88,5,13,"[182, 184]"
184,89,10,17,"[182, 183]"
185,89,388,9,[]
186,90,82,22,[]
187,90,246,22,[180]
188,90,418,15,[]
189,91,443,11,[]
190,92,273,16,[]
191,93,66,12,[198]
192,94,88,17,[]
193,94,285,14,"[205, 181]"
194,94,412,6,[]
195,95,250,11,[]
196,97,76,13,[198]
197,98,50,13,[]
198,98,71,9,"[191, 196]"
199,98,116,12,[]
200,99,339,8,[]
201,100,235,22,[]
202,101,351,11,"[206, 214]"
203,103,343,4,[]
204,103,427,16,[211]
205,104,290,20,"[193, 210]"
206,105,354,20,"[202, 214]"
207,105,373,15,[220]
208,105,445,19,[]
209,106,254,14,[]
210,106,297,12,[205]
211,106,417,14,[204]
212,107,141,20,[]
213,109,23,13,[]
214,109,354,17,"[202, 206, 228]"
215,110,36,7,[]
216,110,403,11,[]
217,111,467,9,[]
218,112,8,24,[225]
219,112,281,12,[]
220,113,382,16,[207]
221,115,250,7,[]
222,117,26,11,[235]
223,117,138,3,[]
224,117,231,17,"[230, 236]"
225,118,4,11,[218]
226,118,214,10,[230]
227,118,268,9,[]
228,119,350,15,[214]
229,120,114,14,[]
230,120,222,15,"[224, 226, 236]"
231,121,100,14,"[240, 241]"
232,121,449,11,[234]
233,122,419,25,[245]
234,122,445,12,"[232, 243]"
235,123,20,16,[222]
236,123,234,21,"[224, 230, 248]"
237,123,430,9,[245]
238,124,68,12,[]
239,126,39,12,[246]
240,126,101,19,"[231, 241, 247]"
241,126,103,8,"[231, 240]"
242,127,376,16,[257]
243,127,442,25,[234]
244,128,145,10,[251]
245,128,423,17,"[233, 237]"
246,129,41,14,"[239, 249]"
247,129,91,10,[240]
248,130,243,20,[236]
249,131,49,10,[246]
250,131,277,17,[262]
251,132,140,9,"[244, 260]"
252,132,257,9,[]
253,133,157,17,[265]
254,134,198,13,[256]
255,134,302,22,[]
256,135,192,19,"[254, 267]"
257,135,375,14,[242]
258,136,176,7,[271]
259,137,100,15,[270]
260,137,142,7,[251]
261,137,218,15,[]
262,137,279,15,"[250, 272]"
263,138,6,9,[]
264,138,30,7,[]
265,138,163,21,"[253, 271, 275, 285]"
266,138,419,14,[]
267,140,190,13,[256]
268,140,347,19,"[269, 282]"
269,141,355,17,"[268, 282]"
270,142,96,10,[259]
271,142,172,14,"[258, 265, 275]"
272,142,274,17,"[262, 274]"
273,143,434,23,[]
274,145,268,10,[272]
275,146,168,7,"[265, 271, 285]"
276,146,411,17,[]
277,147,328,8,[]
278,148,241,22,[289]
279,149,27,14,[]
280,149,196,10,[]
281,149,215,13,[]
282,149,357,21,"[268, 269]"
283,150,92,6,[]
284,151,445,5,[]
285,152,160,23,"[265, 275, 288]"
286,154,423,20,"[294, 303]"
287,155,100,5,[]
288,155,164,7,[285]
289,155,246,10,[278]
290,155,273,9,[291]
291,157,276,18,"[290, 299]"
292,157,373,15,[]
293,158,230,9,[]
294,159,429,20,"[286, 303]"
295,160,205,16,[]
296,160,409,16,[300]
297,161,127,12,[298]
298,162,130,11,[297]
299,163,281,18,"[291, 309]"
300,163,400,12,[296]
301,165,55,21,[]
302,165,248,5,[]
303,165,430,14,"[286, 294, 312]"
304,166,313,17,[]
305,167,343,18,[]
306,170,181,11,[]
307,170,378,12,[308]
308,170,383,13,[307]
309,172,287,12,[299]
310,174,176,15,[]
311,175,23,11,[]
312,176,426,23,[303]
313,177,219,13,[]
314,177,318,14,[]
315,177,333,14,[]
316,177,347,9,[317]
317,178,343,6,[316]
318,179,237,14,[326]
319,179,283,16,[322]
320,181,41,13,[329]
321,181,164,22,[325]
322,181,290,9,[319]
323,182,21,10,[334]
324,183,50,12,[]
325,183,165,10,[321]
326,183,237,7,[318]
327,184,78,16,[]
328,184,105,17,[330]
329,185,37,14,[320]
330,185,108,21,"[328, 339]"
331,185,205,13,[]
332,188,229,14,[]
333,188,400,3,[]
334,189,15,17,"[323, 348, 355]"
335,189,167,6,[]
336,189,197,13,"[340, 350]"
337,190,316,12,[341]
338,190,466,9,[]
339,191,100,10,[330]
340,191,187,19,"[336, 342, 350]"
341,191,309,16,[337]
342,192,181,7,[340]
343,192,413,18,[358]
344,193,215,23,[356]
345,193,339,5,[]
346,193,392,18,"[351, 352]"
347,195,7,10,[]
348,195,17,18,"[334, 355]"
349,195,121,13,[]
350,195,190,22,"[336, 340]"
351,195,384,15,"[346, 352]"
352,195,390,14,"[346, 351]"
353,196,53,7,[]
354,196,138,16,[362]
355,197,17,27,"[334, 348]"
356,198,215,22,[344]
357,198,265,10,[]
358,198,422,13,[343]
359,198,437,14,[]
360,199,373,13,[368]
361,200,465,17,[]
362,203,148,19,"[354, 371, 382]"
363,203,163,18,"[367, 372]"
364,203,192,5,[]
365,204,60,19,[]
366,205,28,8,[]
367,206,156,6,"[363, 371]"
368,206,376,12,[360]
369,207,6,17,[376]
370,209,101,23,"[374, 379]"
371,209,152,10,"[362, 367, 382]"
372,210,163,13,[363]
373,210,233,15,[386]
374,211,104,22,"[370, 379]"
375,211,198,11,[]
376,212,11,13,[369]
377,212,67,7,[]
378,212,443,20,[383]
379,213,103,19,"[370, 374]"
380,213,427,10,[]
381,214,313,6,[]
382,215,147,21,"[362, 371, 385]"
383,215,440,15,[378]
384,217,348,10,[]
385,218,152,14,[382]
386,218,241,16,[373]
387,218,288,22,[389]
388,219,44,8,[]
389,220,289,8,[387]
390,220,301,13,[]
391,222,421,13,[402]
392,223,18,25,[]
393,223,217,13,[]
394,224,399,19,"[404, 412]"
395,225,33,17,[]
396,225,84,6,[399]
397,225,434,9,[402]
398,225,458,10,[]
399,226,84,12,[396]
400,226,267,25,[]
401,226,363,5,[]
402,226,428,15,"[391, 397]"
403,227,197,4,[]
404,228,406,12,[394]
405,229,242,11,[]
406,229,291,8,[]
407,230,144,14,[]
408,231,12,8,[415]
409,231,104,13,[]
410,232,231,16,[426]
411,233,119,2,[416]
412,233,394,14,[394]
413,234,376,4,[]
414,235,259,14,[427]
415,236,18,15,"[408, 423, 431]"
416,236,117,14,[411]
417,236,181,16,[420]
418,239,309,14,[433]
419,240,141,15,[]
420,240,187,9,"[417, 421]"
421,240,193,14,[420]
422,240,416,19,[]
423,241,26,10,"[415, 424, 431, 435]"
424,241,32,11,"[423, 425, 435]"
425,241,40,20,"[424, 435]"
426,241,235,20,[410]
427,241,258,7,[414]
428,243,58,19,[]
429,243,71,7,[432]
430,243,328,7,[438]
431,244,18,14,"[415, 423]"
432,244,77,12,[429]
433,244,310,12,[418]
434,245,364,11,[]
435,246,33,15,"[423, 424, 425]"
436,246,292,11,[]
437,247,402,15,[439]
438,250,329,19,"[430, 441, 444, 452]"
439,250,398,13,[437]
440,251,254,15,[]
441,252,319,15,"[438, 452]"
442,252,354,9,[]
443,253,147,15,[]
444,253,334,10,"[438, 452]"
445,254,80,11,"[451, 458, 460]"
446,254,197,11,[]
447,255,18,26,[]
448,255,424,8,[449]
449,255,426,18,[448]
450,255,453,11,[]
451,256,74,17,"[445, 458, 460]"
452,256,326,16,"[438, 441, 444]"
453,257,185,11,[456]
454,257,234,20,"[459, 465]"
455,257,350,7,[]
456,258,179,14,[453]
457,259,32,11,[467]
458,259,79,10,"[445, 451, 460]"
459,259,234,22,"[454, 465]"
460,260,74,16,"[445, 451, 458]"
461,260,312,4,[]
462,261,131,21,[]
463,262,46,9,[]
464,262,151,11,[]
465,262,240,12,"[454, 459]"
466,262,366,15,[]
467,263,35,18,"[457, 475]"
468,266,66,8,[]
469,267,354,12,[474]
470,268,192,12,[]
471,268,385,15,[479]
472,269,230,8,[]
473,269,412,9,[]
474,270,347,16,"[469, 485]"
475,272,34,21,"[467, 493]"
476,273,220,13,[]
477,273,442,12,[]
478,274,90,15,[490]
479,275,389,10,"[471, 498]"
480,276,245,18,[]
481,276,453,11,[]
482,277,185,6,[]
483,278,63,13,[504]
484,278,273,14,[491]
485,278,352,13,"[474, 489, 510]"
486,278,381,7,[498]
487,279,75,10,[490]
488,279,157,11,[495]
489,279,358,22,[485]
490,280,84,21,"[478, 487, 511]"
491,280,270,9,[484]
492,280,289,10,"[502, 506]"
493,281,22,16,"[475, 501]"
494,281,109,21,[507]
495,281,150,22,[488]
496,282,97,10,[]
497,282,340,9,[499]
498,282,387,15,"[479, 486, 503, 509, 514]"
499,284,339,16,"[497, 510]"
500,284,374,6,[508]
501,285,20,24,[493]
502,285,286,8,"[492, 506, 513]"
503,285,383,8,"[498, 508, 509, 514]"
504,286,61,17,[483]
505,286,182,16,[]
506,287,288,21,"[492, 502, 513, 516]"
507,288,115,16,[494]
508,288,375,15,"[500, 503, 514]"
509,288,387,15,"[498, 503, 514]"
510,289,348,19,"[485, 499]"
511,290,79,8,[490]
512,290,248,16,[]
513,290,290,14,"[502, 506, 516]"
514,290,386,15,"[498, 503, 508, 509]"
515,291,232,17,[524]
516,292,284,5,"[506, 513]"
517,293,9,18,[]
518,294,432,6,[]
519,295,272,4,[]
520,296,38,15,[]
521,296,127,14,[]
522,296,467,12,[538]
523,299,155,17,[]
524,299,231,11,[515]
525,301,119,12,[]
526,302,50,18,"[536, 550]"
527,302,143,18,[]
528,302,456,21,"[537, 538]"
529,303,92,18,[539]
530,303,218,8,[533]
531,303,323,12,"[534, 555]"
532,303,341,7,[]
533,304,215,11,"[530, 554]"
534,304,323,19,"[531, 553, 555]"
535,305,398,19,[]
536,306,47,6,[526]
537,306,448,13,[528]
538,306,461,19,"[522, 528]"
539,307,98,4,[529]
540,307,296,17,[552]
541,308,176,10,[]
542,308,349,11,[566]
543,308,409,9,[]
544,309,259,15,[]
545,309,311,10,[552]
546,309,379,10,[556]
547,310,227,8,[559]
548,310,274,13,[549]
549,310,275,15,"[548, 563]"
550,311,49,8,[526]
551,311,245,13,[562]
552,311,302,22,"[540, 545]"
553,311,327,11,"[534, 555]"
554,312,215,17,[533]
555,312,327,18,"[531, 534, 553, 573]"
556,312,379,8,[546]
557,313,78,15,[558]
558,314,85,17,[557]
559,314,228,14,[547]
560,315,25,15,"[561, 564, 576]"
561,316,17,18,"[560, 575]"
562,316,251,17,"[551, 570]"
563,316,279,9,[549]
564,317,36,17,[560]
565,317,413,11,[]
566,318,351,17,"[542, 574, 581]"
567,318,461,8,[]
568,319,145,16,"[572, 579]"
569,320,404,8,[571]
570,322,255,11,[562]
571,322,404,25,[569]
572,323,147,17,"[568, 579]"
573,323,320,19,"[555, 584]"
574,323,348,15,"[566, 581, 585, 586]"
575,325,12,16,[561]
576,325,26,13,[560]
577,325,48,5,[578]
578,325,49,15,[577]
579,325,140,15,"[568, 572]"
580,325,451,14,[582]
581,326,354,11,"[566, 574]"
582,326,456,15,[580]
583,327,189,13,[]
584,328,324,6,[573]
585,328,342,13,"[574, 586]"
586,328,345,10,"[574, 585, 601]"
587,329,440,18,[]
588,331,241,8,[]
589,331,278,19,[]
590,332,165,8,[]
591,332,173,15,[]
592,332,248,11,[]
593,332,362,3,[]
594,333,152,10,[]
595,333,224,12,[]
596,334,391,13,[]
597,335,86,4,[602]
598,337,72,14,[]
599,337,128,15,"[608, 612, 615]"
600,337,195,13,[610]
601,337,351,20,"[607, 586]"
602,338,90,13,[597]
603,340,186,10,[]
604,340,313,15,[623]
605,340,404,11,[611]
606,341,217,11,[616]
607,342,348,16,[601]
608,343,133,9,"[599, 612, 615]"
609,343,263,8,[]
610,344,196,16,[600]
611,345,412,21,"[605, 625]"
612,346,126,21,"[599, 608, 615]"
613,346,249,17,[]
614,347,90,12,[621]
615,347,139,23,"[599, 608, 612, 634]"
616,347,212,16,"[606, 626]"
617,347,387,11,[]
618,348,42,16,[]
619,348,442,16,[620]
620,349,448,13,[619]
621,351,97,15,[614]
622,351,278,11,"[631, 632]"
623,351,314,18,"[604, 627, 639]"
624,351,347,8,[]
625,351,418,10,[611]
626,352,207,6,[616]
627,352,323,21,"[623, 639]"
628,353,5,24,[642]
629,353,234,7,[630]
630,353,239,10,[629]
631,353,275,7,"[622, 632]"
632,353,279,14,"[622, 631, 637]"
633,354,114,4,[]
634,355,136,5,[615]
635,357,22,10,[642]
636,358,31,10,[]
637,358,290,21,[632]
638,358,306,10,[639]
639,358,313,15,"[623, 627, 638]"
640,359,352,16,[652]
641,359,448,7,[]
642,360,12,14,"[628, 635]"
643,361,397,12,[]
644,362,459,17,[]
645,363,240,11,[]
646,363,384,7,[]
647,364,123,24,[650]
648,364,250,14,[]
649,365,90,17,[]
650,367,116,18,[647]
651,367,166,19,"[653, 660]"
652,367,346,21,[640]
653,369,159,20,"[651, 660, 663]"
654,370,104,15,[]
655,370,284,9,[]
656,370,326,7,[]
657,372,256,9,[]
658,373,36,10,[]
659,373,420,5,[]
660,374,160,17,"[651, 653, 663]"
661,375,207,14,[666]
662,375,414,10,[]
663,376,152,19,"[653, 660]"
664,377,130,13,[]
665,377,229,15,[675]
666,378,217,16,[661]
667,378,241,14,[]
668,378,456,23,[669]
669,379,442,16,"[668, 676]"
670,380,361,28,"[681, 695]"
671,380,394,10,[]
672,381,264,8,[680]
673,381,290,14,"[691, 693]"
674,382,34,9,[]
675,382,225,9,"[665, 686]"
676,382,441,11,[669]
677,384,7,7,[683]
678,384,84,22,[]
679,385,45,12,[]
680,385,273,19,"[672, 689, 690, 698]"
681,385,371,15,"[670, 682]"
682,385,373,3,[681]
683,386,2,13,[677]
684,386,22,25,[697]
685,387,169,24,"[687, 702]"
686,387,225,15,[675]
687,388,167,15,"[685, 702]"
688,388,250,7,[703]
689,388,276,16,"[680, 690, 698]"
690,389,282,11,"[680, 689, 698]"
691,389,298,17,"[673, 693]"
692,390,382,18,[700]
693,391,297,21,"[673, 691, 706]"
694,391,341,13,[699]
695,391,353,14,[670]
696,392,124,13,"[711, 712]"
697,393,21,18,"[684, 710]"
698,393,274,15,"[680, 689, 690]"
699,393,342,18,[694]
700,393,384,18,[692]
701,394,74,19,[]
702,394,168,12,"[685, 687, 713]"
703,395,249,16,[688]
704,397,365,22,[723]
705,398,6,12,[]
706,398,304,12,"[693, 707]"
707,398,312,15,[706]
708,400,38,15,[721]
709,400,230,22,[]
710,401,18,11,[697]
711,401,126,17,"[696, 712, 718]"
712,401,129,20,"[696, 711, 736]"
713,401,174,13,[702]
714,403,292,24,[]
715,403,327,13,"[716, 728]"
716,403,327,16,"[715, 728]"
717,404,50,15,[721]
718,404,120,7,[711]
719,404,466,20,[]
720,405,2,8,[]
721,406,47,12,"[708, 717]"
722,406,143,12,"[725, 726]"
723,406,370,17,"[704, 733, 737]"
724,407,70,20,[732]
725,407,138,9,"[722, 726]"
726,407,143,24,"[722, 725]"
727,407,278,19,[]
728,407,333,19,"[715, 716, 731, 740]"
729,408,182,11,[]
730,410,8,12,[]
731,411,339,11,"[728, 740]"
732,412,66,14,[724]
733,412,365,19,"[723, 737]"
734,412,406,21,"[749, 750]"
735,414,36,6,[]
736,414,130,13,"[712, 742]"
737,414,372,11,"[723, 733, 752]"
738,416,193,23,[]
739,416,321,13,[747]
740,416,338,18,"[728, 731]"
741,418,23,23,[]
742,418,134,10,[736]
743,418,255,13,[]
744,419,165,21,[]
745,419,435,18,[]
746,421,86,16,[757]
747,421,319,4,[739]
748,421,366,10,[752]
749,421,397,11,[734]
750,421,413,18,"[734, 758]"
751,423,74,10,[]
752,424,376,23,"[737, 748]"
753,425,236,19,[754]
754,425,238,13,[753]
755,427,113,11,[]
756,428,135,10,[]
757,429,84,12,[746]
758,429,418,9,"[750, 761, 762]"
759,430,467,15,[]
760,432,371,5,[766]
761,432,414,8,"[758, 762, 764, 773]"
762,432,420,12,"[758, 761, 773]"
763,433,349,12,[]
764,433,411,11,"[761, 769, 773]"
765,434,294,17,"[768, 775]"
766,434,368,9,[760]
767,435,238,10,[777]
768,435,298,19,"[765, 775]"
769,435,402,19,"[764, 772, 773, 780]"
770,436,46,20,[771]
771,437,58,18,[770]
772,437,391,11,[769]
773,437,414,14,"[761, 762, 764, 769]"
774,438,127,12,[]
775,438,295,14,"[765, 768]"
776,441,208,10,[786]
777,441,230,16,[767]
778,441,265,13,[]
779,441,382,10,[785]
780,442,404,12,[769]
781,444,134,10,[]
782,444,361,8,[]
783,444,451,26,[]
784,445,347,18,[]
785,446,381,19,[779]
786,447,201,18,[776]
787,448,63,12,[]
788,449,156,16,"[789, 792]"
789,450,161,3,[788]
790,451,302,13,[]
791,453,361,8,[]
792,454,151,23,"[788, 810]"
793,455,270,8,[]
794,458,217,15,[823]
795,458,316,10,[800]
796,458,328,7,"[797, 800]"
797,458,334,10,[796]
798,459,408,9,[]
799,460,263,13,[]
800,460,323,13,"[795, 796]"
801,461,50,15,[]
802,461,374,11,[]
803,461,383,5,[814]
804,461,436,15,[]
805,462,16,23,[809]
806,462,100,13,[827]
807,462,125,7,[813]
808,462,245,16,[]
809,463,15,13,[805]
810,463,145,14,[792]
811,463,168,22,[817]
812,464,421,7,[819]
813,465,127,25,"[807, 832, 837]"
814,465,386,21,"[803, 833, 846]"
815,467,87,21,"[820, 826, 836]"
816,467,107,11,"[827, 831]"
817,467,166,15,[811]
818,467,406,3,[]
819,467,415,15,[812]
820,468,91,18,"[815, 827, 836]"
821,468,224,14,"[823, 838]"
822,468,332,15,[]
823,469,215,23,"[794, 821, 838]"
824,470,7,6,[]
825,470,197,22,[]
826,471,81,11,"[815, 836]"
827,471,102,22,"[806, 816, 820]"
828,471,349,10,[]
829,471,376,8,[833]
830,472,286,16,[]
831,473,114,13,"[816, 837]"
832,474,132,16,"[813, 837]"
833,474,379,14,"[814, 829, 846]"
834,475,466,26,[]
835,476,25,18,[844]
836,476,84,18,"[815, 820, 826, 848, 852]"
837,476,124,21,"[813, 831, 832]"
838,476,222,20,"[821, 823, 858]"
839,477,260,9,[]
840,477,328,9,"[843, 849]"
841,477,406,7,[]
842,478,152,19,[856]
843,478,323,22,"[840, 849]"
844,479,30,13,[835]
845,479,50,6,[851]
846,479,387,19,"[814, 833]"
847,480,43,10,"[850, 851]"
848,480,80,22,"[836, 852]"
849,480,331,20,"[840, 843]"
850,481,42,10,"[847, 851, 861]"
851,481,45,23,"[845, 847, 850, 861, 862]"
852,482,81,8,"[836, 848]"
853,482,313,13,[]
854,483,261,10,[]
855,483,343,16,[859]
856,485,146,16,[842]
857,485,173,16,[863]
858,485,227,16,[838]
859,486,346,13,[855]
860,487,249,14,[]
861,488,41,12,"[850, 851]"
862,488,56,17,[851]
863,488,181,11,"[857, 871]"
864,488,236,13,[]
865,492,278,14,"[866, 880]"
866,492,286,13,[865]
867,493,8,8,[]
868,494,157,9,[873]
869,495,415,22,[]
870,496,89,25,[]
871,497,181,16,[863]
872,498,3,4,[]
873,498,156,12,[868]
874,498,299,7,[]
875,499,103,13,[879]
876,499,166,16,[877]
877,499,169,5,[876]
878,501,446,11,[]
879,502,102,16,[875]
880,502,274,19,"[865, 884]"
881,503,255,14,[]
882,504,339,15,[883]
883,504,347,10,[882]
884,507,281,9,[880]
885,508,226,15,"[895, 900]"
886,508,294,16,[]
887,509,2,9,[891]
888,510,145,11,[]
889,511,398,6,[]
890,511,454,18,[]
891,512,5,15,[887]
892,513,264,12,[]
893,513,352,11,[897]
894,514,63,21,"[899, 902]"
895,516,228,13,"[885, 900]"
896,516,250,15,[]
897,516,350,22,"[893, 916]"
898,516,435,9,[]
899,517,68,15,[894]
900,517,233,16,"[885, 895]"
901,520,317,20,[909]
902,521,51,16,[894]
903,521,273,10,[]
904,522,124,12,"[907, 908, 912]"
905,522,340,14,"[916, 925]"
906,524,140,20,"[907, 908, 933]"
907,525,131,13,"[904, 906, 908]"
908,525,135,21,"[904, 906, 907, 933]"
909,525,312,15,[901]
910,525,418,12,"[921, 923, 926]"
911,526,2,13,[]
912,527,120,16,"[904, 917]"
913,527,186,17,[]
914,527,219,16,[920]
915,527,286,12,[]
916,527,347,16,"[897, 905, 925, 940]"
917,529,116,8,[912]
918,530,60,11,[927]
919,530,90,14,[]
920,530,218,6,[914]
921,530,422,15,"[910, 923, 926]"
922,531,203,14,[934]
923,531,424,15,"[910, 921, 926, 939]"
924,532,304,11,[]
925,532,345,17,"[905, 916, 940]"
926,532,425,23,"[910, 921, 923, 939]"
927,533,55,15,"[918, 931]"
928,533,274,7,[935]
929,533,365,10,[]
930,534,18,12,[]
931,534,53,9,[927]
932,535,102,16,[]
933,535,138,18,"[906, 908]"
934,535,209,15,[922]
935,535,273,13,[928]
936,535,444,17,[948]
937,536,411,9,[941]
938,538,219,11,[]
939,538,430,10,"[923, 926]"
940,539,340,19,"[916, 925, 959, 965]"
941,540,406,12,[937]
942,541,30,18,[954]
943,541,165,15,[]
944,541,283,17,[952]
945,541,450,9,"[948, 962]"
946,542,42,18,[949]
947,542,261,8,[951]
948,542,446,17,"[936, 945, 962, 973]"
949,543,46,13,[946]
950,544,10,13,[]
951,544,260,10,[947]
952,544,290,14,[944]
953,544,328,5,"[959, 967]"
954,545,25,12,[942]
955,545,320,15,"[959, 968]"
956,545,399,8,[]
957,546,271,12,[]
958,546,302,10,[]
959,546,331,14,"[940, 953, 955, 967]"
960,547,77,16,[]
961,547,435,22,[962]
962,547,446,20,"[945, 948, 961, 973]"
963,548,93,17,"[970, 978]"
964,548,373,14,[]
965,549,346,18,[940]
966,550,257,10,[]
967,550,332,17,"[953, 959]"
968,552,319,13,[955]
969,552,393,14,"[972, 983]"
970,553,94,9,"[963, 978]"
971,553,164,11,[]
972,554,389,14,"[969, 983]"
973,554,452,20,"[948, 962]"
974,555,11,14,[]
975,556,429,14,[995]
976,557,73,12,[]
977,557,240,8,[]
978,558,95,11,"[963, 970]"
979,558,409,15,[]
980,561,58,18,[]
981,561,156,5,[]
982,561,354,14,"[988, 991]"
983,561,397,24,"[969, 972]"
984,562,267,9,[]
985,562,341,20,[991]
986,563,207,17,[1005]
987,564,274,18,[]
988,564,352,12,"[982, 991]"
989,564,429,8,[995]
990,565,191,10,[]
991,565,347,14,"[982, 985, 988]"
992,566,36,8,[]
993,566,69,9,[998]
994,566,128,7,[1006]
995,566,430,16,"[975, 989]"
996,567,11,14,[997]
997,567,21,23,[996]
998,568,77,15,"[993, 999]"
999,568,86,13,[998]
1000,570,382,15,[1013]
1001,572,53,14,[1011]
1002,572,308,11,[1018]
1003,572,395,17,"[1013, 1026]"
1004,572,467,8,[]
1005,573,211,15,"[986, 1009, 1017]"
1006,574,133,19,"[994, 1008, 1012]"
1007,574,146,10,[]
1008,575,123,21,[1006]
1009,575,215,20,"[1005, 1017]"
1010,575,240,21,[1028]
1011,576,56,16,[1001]
1012,577,134,10,[1006]
1013,577,390,13,"[1000, 1003, 1026]"
1014,578,5,9,[]
1015,578,169,10,[]
1016,578,291,19,[1034]
1017,579,209,20,"[1005, 1009, 1021]"
1018,579,307,20,[1002]
1019,579,409,13,[1029]
1020,579,430,12,[1025]
1021,580,196,20,[1017]
1022,580,254,9,[]
1023,581,87,15,[1024]
1024,581,87,16,[1023]
1025,581,431,7,[1020]
1026,582,393,15,"[1003, 1013, 1032]"
1027,583,17,18,[]
1028,583,232,16,"[1010, 1033]"
1029,585,414,15,"[1019, 1050]"
1030,587,280,15,"[1034, 1043]"
1031,587,341,10,[]
1032,587,400,13,"[1026, 1047]"
1033,588,229,8,[1028]
1034,588,285,15,"[1016, 1030, 1043, 1055]"
1035,589,165,11,[]
1036,589,316,16,[]
1037,589,360,12,[1049]
1038,591,89,5,[]
1039,591,466,16,[1045]
1040,592,302,16,[]
1041,593,119,14,[]
1042,594,218,7,[]
1043,594,282,20,"[1030, 1034, 1054, 1055]"
1044,595,426,4,[]
1045,595,459,21,"[1039, 1059]"
1046,596,381,16,[1062]
1047,596,399,23,"[1032, 1050]"
1048,597,89,6,[]
1049,597,358,20,[1037]
1050,597,414,21,"[1029, 1047]"
1051,598,95,4,[]
1052,598,242,6,[]
1053,598,260,10,[]
1054,598,288,8,"[1043, 1055]"
1055,599,281,19,"[1034, 1043, 1054]"
1056,602,24,18,[]
1057,603,200,14,[1064]
1058,604,448,15,[1059]
1059,604,459,19,"[1045, 1058]"
1060,605,247,25,[]
1061,605,293,15,[]
1062,605,373,18,[1046]
1063,606,106,16,[]
1064,606,209,13,[1057]
1065,606,390,20,[1070]
1066,607,117,13,[]
1067,608,161,9,[]
1068,608,324,9,"[1074, 1080]"
1069,609,10,15,[1088]
1070,609,389,9,[1065]
1071,609,429,8,[]
1072,610,33,12,[1086]
1073,610,61,14,[]
1074,610,318,21,"[1068, 1078, 1080]"
1075,611,87,18,"[1077, 1087]"
1076,611,334,15,[1080]
1077,612,77,14,"[1075, 1084]"
1078,612,307,24,[1074]
1079,613,137,14,[1082]
1080,613,326,10,"[1068, 1074, 1076]"
1081,615,198,19,[]
1082,616,127,18,[1079]
1083,616,263,13,[1090]
1084,617,72,18,[1077]
1085,617,351,7,[]
1086,618,34,14,"[1072, 1094]"
1087,618,95,14,[1075]
1088,620,14,17,"[1069, 1097, 1100]"
1089,620,416,15,[1091]
1090,622,270,18,[1083]
1091,622,420,8,[1089]
1092,623,154,17,"[1095, 1115]"
1093,623,306,8,[]
1094,624,32,19,"[1086, 1096, 1097, 1107]"
1095,624,148,21,"[1092, 1108, 1115]"
1096,625,28,6,"[1094, 1097]"
1097,626,22,20,"[1088, 1094, 1096]"
1098,626,239,19,[]
1099,626,376,10,[1105]
1100,628,8,15,"[1088, 1106]"
1101,629,61,16,[1110]
1102,629,261,12,[]
1103,629,415,11,[]
1104,630,366,13,[1105]
1105,630,372,24,"[1099, 1104, 1116]"
1106,631,2,12,[1100]
1107,631,39,19,[1094]
1108,631,135,19,[1095]
1109,631,185,11,[1111]
1110,632,55,23,[1101]
1111,633,190,21,[1109]
1112,634,82,16,"[1117, 1122]"
1113,634,112,25,[]
1114,634,302,13,[1124]
1115,637,152,21,"[1092, 1095, 1119]"
1116,637,379,24,"[1105, 1118]"
1117,638,84,11,"[1112, 1122]"
1118,638,385,16,"[1116, 1135]"
1119,639,149,12,[1115]
1120,639,351,16,[1138]
1121,639,418,14,[]
1122,640,76,17,"[1112, 1117, 1131]"
1123,640,213,11,[]
1124,640,300,7,[1114]
1125,642,95,16,[1129]
1126,642,399,21,"[1135, 1139, 1140, 1147]"
1127,643,43,12,[]
1128,643,250,22,[1143]
1129,646,95,19,"[1145, 1125]"
1130,646,178,20,"[1149, 1153]"
1131,647,69,15,[1122]
1132,647,138,9,[]
1133,647,280,22,[1146]
1134,647,466,12,[]
1135,648,390,18,"[1118, 1126, 1139, 1147]"
1136,649,31,18,[]
1137,649,310,21,[]
1138,649,355,16,[1120]
1139,649,391,10,"[1126, 1135, 1147]"
1140,649,409,26,"[1126, 1150]"
1141,650,112,18,[1145]
1142,650,230,19,[]
1143,650,257,14,[1128]
1144,650,343,10,[]
1145,652,105,16,"[1141, 1129]"
1146,652,280,23,[1133]
1147,652,393,27,"[1126, 1135, 1139]"
1148,653,346,12,[]
1149,654,174,17,"[1153, 1130]"
1150,654,408,6,[1140]
1151,655,57,14,[]
1152,656,79,6,[1156]
1153,656,172,17,"[1149, 1130]"
1154,656,428,20,[1163]
1155,658,17,5,[1157]
1156,659,87,19,"[1152, 1158]"
1157,661,13,12,[1155]
1158,663,83,16,[1156]
1159,664,189,14,[]
1160,665,459,11,[]
1161,666,206,21,[]
1162,666,377,11,[]
1163,666,433,23,"[1154, 1166, 1177]"
1164,667,57,5,[]
1165,667,403,9,[]
1166,667,441,17,"[1163, 1177]"
1167,668,269,19,"[1171, 1174]"
1168,668,289,19,"[1171, 1182]"
1169,668,338,14,[]
1170,669,422,9,[]
1171,670,278,15,"[1167, 1168, 1182]"
1172,670,307,12,[1173]
1173,671,315,19,"[1172, 1180]"
1174,673,269,11,[1167]
1175,674,108,13,[]
1176,674,163,12,[]
1177,674,443,15,"[1163, 1166]"
1178,675,73,11,[]
1179,675,247,15,[1181]
1180,675,327,19,[1173]
1181,677,246,4,[1179]
1182,677,282,11,"[1168, 1171]"
1183,678,126,13,[]
1184,679,209,18,[]
1185,680,394,21,[]
1186,681,436,9,[1194]
1187,682,424,19,[]
1188,684,35,9,[]
1189,685,141,25,[1196]
1190,685,219,8,[]
1191,686,87,5,[]
1192,687,313,27,[1197]
1193,688,238,16,[1199]
1194,688,434,13,"[1186, 1203]"
1195,689,116,12,[1210]
1196,689,152,19,"[1189, 1213]"
1197,689,322,11,[1192]
1198,689,377,10,[]
1199,690,233,15,[1193]
1200,690,263,11,"[1206, 1216]"
1201,692,456,16,[1208]
1202,693,355,15,[]
1203,693,442,15,[1194]
1204,694,29,17,[1223]
1205,694,122,10,[]
1206,694,262,13,"[1200, 1216]"
1207,694,303,16,[1220]
1208,694,454,16,[1201]
1209,695,273,10,[1219]
1210,696,109,19,[1195]
1211,696,189,23,"[1215, 1221]"
1212,696,341,18,[]
1213,698,151,13,"[1196, 1214, 1226]"
1214,698,153,3,[1213]
1215,698,190,5,"[1211, 1221]"
1216,698,259,17,"[1200, 1206]"
1217,698,372,10,[]
1218,699,170,4,[]
1219,699,274,7,[1209]
1220,699,306,12,[1207]
1221,700,194,12,"[1211, 1215]"
1222,701,332,12,[]
1223,703,27,21,[1204]
1224,703,90,19,[]
1225,705,138,15,[]
1226,706,153,20,"[1213, 1234]"
1227,707,117,16,[1239]
1228,708,284,13,[]
1229,708,402,17,"[1242, 1243]"
1230,709,251,14,[]
1231,710,40,12,[]
1232,710,389,14,[]
1233,711,235,5,[]
1234,712,161,16,"[1226, 1254]"
1235,712,276,9,"[1236, 1240]"
1236,713,278,5,"[1235, 1240]"
1237,713,302,12,[]
1238,714,67,9,[]
1239,714,124,13,[1227]
1240,714,276,11,"[1235, 1236]"
1241,715,219,10,[1244]
1242,715,405,13,"[1229, 1243]"
1243,716,403,22,"[1229, 1242]"
1244,717,218,11,[1241]
1245,718,199,17,[]
1246,718,331,16,[1257]
1247,719,349,13,[]
1248,719,377,11,[]
1249,720,173,13,[1254]
1250,720,290,17,[1259]
1251,720,424,8,[]
1252,721,146,14,[1253]
1253,721,152,12,[1252]
1254,721,166,19,"[1234, 1249]"
1255,722,101,9,[]
1256,723,84,20,"[1262, 1274]"
1257,723,333,15,"[1246, 1272]"
1258,724,255,17,"[1261, 1275]"
1259,724,285,4,[1250]
1260,724,465,18,[]
1261,725,264,25,"[1258, 1271]"
1262,727,90,18,"[1256, 1274]"
1263,727,326,8,[]
1264,727,365,11,"[1265, 1266]"
1265,727,365,13,"[1264, 1266]"
1266,727,371,15,"[1264, 1265]"
1267,727,445,17,[]
1268,728,229,16,"[1269, 1278, 1282]"
1269,728,238,27,[1268]
1270,729,174,8,[]
1271,729,275,23,"[1261, 1283]"
1272,730,334,15,[1257]
1273,731,50,12,[]
1274,731,88,12,"[1256, 1262]"
1275,731,253,8,[1258]
1276,733,20,9,[]
1277,733,146,18,[1291]
1278,733,226,17,"[1268, 1282]"
1279,733,299,7,[]
1280,734,315,9,[1285]
1281,735,192,12,[1288]
1282,735,227,12,"[1268, 1278]"
1283,735,281,12,[1271]
1284,736,101,22,"[1287, 1293]"
1285,736,311,11,[1280]
1286,737,206,16,[]
1287,738,92,11,[1284]
1288,739,192,10,[1281]
1289,740,406,18,[1292]
1290,740,423,20,[]
1291,741,152,9,[1277]
1292,741,402,9,[1289]
1293,743,107,16,[1284]
1294,743,338,8,[]
1295,744,182,8,[1309]
1296,744,376,21,"[1298, 1302]"
1297,745,11,25,[1303]
1298,745,377,21,"[1296, 1302]"
1299,746,66,13,[]
1300,746,84,7,[1312]
1301,746,122,17,[1316]
1302,746,371,13,"[1296, 1298]"
1303,747,15,23,[1297]
1304,747,462,26,[1314]
1305,748,163,5,[]
1306,748,191,8,[]
1307,748,326,11,[]
1308,749,171,20,"[1309, 1310]"
1309,751,177,20,"[1295, 1308, 1310]"
1310,752,169,16,"[1308, 1309]"
1311,753,56,19,[]
1312,753,85,17,[1300]
1313,754,292,15,[1324]
1314,754,467,14,[1304]
1315,755,107,9,[1321]
1316,755,123,21,[1301]
1317,755,457,9,[]
1318,757,36,20,[1322]
1319,757,385,9,[1320]
1320,758,388,7,[1319]
1321,760,110,15,[1315]
1322,761,24,21,[1318]
1323,761,265,8,[]
1324,761,293,11,"[1313, 1332]"
1325,761,345,10,[]
1326,762,65,12,[]
1327,763,376,14,[]
1328,765,164,16,[]
1329,766,194,7,[]
1330,766,235,21,[]
1331,767,178,10,[]
1332,767,286,16,"[1324, 1350]"
1333,768,126,11,[]
1334,769,435,27,[]
1335,770,116,8,[]
1336,772,404,22,[1338]
1337,772,452,20,"[1339, 1351, 1364]"
1338,773,399,12,"[1336, 1348]"
1339,773,452,2,"[1337, 1364]"
1340,774,16,14,[1362]
1341,774,264,16,[]
1342,774,276,10,[1350]
1343,775,39,5,[]
1344,775,89,10,[]
1345,775,287,6,[1350]
1346,775,353,6,[]
1347,776,176,14,[]
1348,776,393,18,[1338]
1349,777,31,16,[]
1350,777,281,25,"[1332, 1342, 1345]"
1351,778,445,11,[1337]
1352,779,53,8,[]
1353,779,121,12,[]
1354,779,203,17,[1360]
1355,779,307,17,"[1363, 1371]"
1356,779,319,15,[1363]
1357,780,234,13,[]
1358,780,253,15,[1376]
1359,780,435,10,[]
1360,781,207,20,[1354]
1361,781,335,25,[1366]
1362,782,13,14,[1340]
1363,782,309,18,"[1355, 1356, 1371, 1379]"
1364,782,456,13,"[1337, 1339]"
1365,782,463,9,[]
1366,783,341,15,[1361]
1367,784,192,18,[]
1368,785,373,19,[1387]
1369,786,49,12,[]
1370,786,104,18,[]
1371,786,306,13,"[1355, 1363, 1386]"
1372,787,85,18,"[1377, 1391]"
1373,787,143,13,[1374]
1374,788,148,13,"[1373, 1378]"
1375,788,247,17,[1376]
1376,789,256,14,"[1358, 1375]"
1377,790,83,22,"[1372, 1384, 1391]"
1378,790,153,5,[1374]
1379,790,315,13,[1363]
1380,791,181,17,[]
1381,791,414,16,[]
1382,792,396,17,[1397]
1383,793,355,13,[]
1384,794,74,14,[1377]
1385,794,131,18,[]
1386,794,299,20,[1371]
1387,795,380,16,[1368]
1388,796,31,13,[]
1389,797,20,13,[1390]
1390,799,14,17,[1389]
1391,799,89,18,"[1372, 1377]"
1392,799,462,18,[1406]
1393,800,284,20,[]
1394,800,451,6,[]
1395,801,168,17,[1396]
1396,802,166,25,[1395]
1397,802,396,17,[1382]
1398,803,120,22,[]
1399,803,271,20,"[1403, 1415, 1422]"
1400,804,218,11,[]
1401,805,317,14,[]
1402,806,413,16,[]
1403,807,271,5,"[1399, 1415]"
1404,808,25,14,[]
1405,808,342,12,[1409]
1406,808,460,7,[1392]
1407,809,14,8,[]
1408,809,145,16,[]
1409,809,347,7,[1405]
1410,809,402,9,"[1413, 1416]"
1411,811,182,13,[]
1412,811,256,11,"[1415, 1417, 1420]"
1413,811,406,10,[1410]
1414,812,54,12,[1426]
1415,812,267,19,"[1399, 1403, 1412, 1417, 1422]"
1416,812,397,11,[1410]
1417,813,251,28,"[1412, 1415, 1420, 1430, 1433]"
1418,814,154,18,[1424]
1419,814,211,26,[1429]
1420,814,251,8,"[1412, 1417]"
1421,815,167,18,[1424]
1422,815,280,20,"[1399, 1415]"
1423,816,119,14,[1431]
1424,816,164,23,"[1418, 1421]"
1425,816,364,14,[1434]
1426,817,56,14,[1414]
1427,817,192,17,[1437]
1428,817,325,20,[]
1429,818,209,11,[1419]
1430,819,247,7,[1417]
1431,820,120,10,[1423]
1432,822,88,11,[]
1433,823,261,14,[1417]
1434,823,367,13,"[1425, 1438]"
1435,824,460,20,[1443]
1436,825,386,19,"[1438, 1439]"
1437,826,195,14,[1427]
1438,828,375,15,"[1434, 1436, 1439]"
1439,828,383,8,"[1436, 1438]"
1440,829,422,19,[1450]
1441,832,30,9,[]
1442,832,54,18,"[1452, 1454]"
1443,832,459,18,"[1435, 1461]"
1444,834,10,20,[1445]
1445,834,16,16,[1444]
1446,834,174,12,[1455]
1447,834,332,16,[1449]
1448,835,115,19,"[1456, 1457]"
1449,836,332,17,[1447]
1450,836,411,19,"[1440, 1463]"
1451,836,432,12,[]
1452,837,57,9,[1442]
1453,837,81,12,[]
1454,838,45,18,[1442]
1455,838,167,14,[1446]
1456,839,108,10,[1448]
1457,839,116,11,[1448]
1458,839,230,10,[]
1459,840,368,17,[1476]
1460,841,267,9,[]
1461,841,462,10,[1443]
1462,842,389,13,[1480]
1463,843,406,20,"[1450, 1479]"
1464,843,424,22,[1473]
1465,844,22,24,[1468]
1466,844,292,16,[1467]
1467,844,296,6,[1466]
1468,845,26,12,[1465]
1469,845,96,15,[]
1470,847,279,15,[1475]
1471,847,313,24,"[1472, 1478]"
1472,847,317,13,"[1471, 1478]"
1473,847,432,13,[1464]
1474,848,328,14,[1478]
1475,849,282,13,[1470]
1476,849,361,18,[1459]
1477,850,183,18,[]
1478,850,322,18,"[1471, 1472, 1474]"
1479,850,396,27,"[1463, 1480]"
1480,851,386,16,"[1462, 1479]"
1481,852,127,19,[1484]
1482,852,467,21,[]
1483,853,60,17,[1489]
1484,853,120,11,[1481]
1485,856,3,10,[1490]
1486,856,291,10,[1496]
1487,857,81,16,[]
1488,857,138,11,[]
1489,858,59,14,[1483]
1490,859,5,25,[1485]
1491,859,340,18,[]
1492,860,328,10,[]
1493,860,363,10,[]
1494,860,373,16,[1499]
1495,861,128,6,"[1500, 1504]"
1496,861,283,16,[1486]
1497,861,428,18,[]
1498,863,39,12,"[1503, 1507]"
1499,864,374,2,[1494]
1500,865,126,10,"[1495, 1504]"
1501,865,302,18,[1524]
1502,867,166,11,"[1508, 1512]"
1503,868,42,18,"[1498, 1507, 1515, 1518, 1520]"
1504,868,124,19,"[1495, 1500, 1516, 1522, 1523]"
1505,868,463,19,[]
1506,869,242,18,"[1510, 1511, 1513]"
1507,870,40,21,"[1498, 1503, 1515, 1518, 1520]"
1508,871,161,13,[1502]
1509,871,209,15,[]
1510,871,232,19,"[1506, 1511]"
1511,871,241,9,"[1506, 1510, 1513]"
1512,872,170,11,[1502]
1513,874,245,13,"[1506, 1511]"
1514,874,335,19,[]
1515,875,37,14,"[1503, 1507, 1518, 1520]"
1516,875,124,12,"[1504, 1522, 1523]"
1517,876,13,7,[]
1518,876,39,9,"[1503, 1507, 1515, 1520]"
1519,876,85,17,[1534]
1520,877,38,19,"[1503, 1507, 1515, 1518, 1527]"
1521,877,185,9,[1531]
1522,878,120,12,"[1504, 1516, 1523]"
1523,878,127,15,"[1504, 1516, 1522]"
1524,878,301,18,[1501]
1525,879,150,6,[]
1526,880,414,11,[]
1527,881,26,14,[1520]
1528,881,462,10,[]
1529,882,63,10,[1550]
1530,883,11,10,"[1536, 1539]"
1531,883,185,18,[1521]
1532,883,375,22,"[1542, 1543, 1544]"
1533,884,51,12,[1549]
1534,884,84,15,[1519]
1535,884,240,5,[]
1536,885,12,14,"[1530, 1539]"
1537,885,112,9,[]
1538,886,346,9,[]
1539,887,7,9,"[1530, 1536]"
1540,887,137,16,[]
1541,888,97,10,[1547]
1542,888,373,20,"[1532, 1543]"
1543,888,384,20,"[1532, 1542, 1544]"
1544,888,387,20,"[1532, 1543]"
1545,888,467,11,[]
1546,889,325,15,[1557]
1547,890,92,9,"[1541, 1555, 1563]"
1548,890,255,9,[]
1549,891,44,18,[1533]
1550,891,65,18,"[1529, 1554, 1559]"
1551,891,151,20,[]
1552,891,294,16,[1570]
1553,891,312,9,[]
1554,892,72,21,"[1550, 1559]"
1555,893,91,12,"[1547, 1563]"
1556,894,205,16,[]
1557,894,329,17,"[1546, 1567, 1576]"
1558,896,354,19,[1572]
1559,897,71,21,"[1550, 1554]"
1560,897,97,4,[1566]
1561,897,218,18,[]
1562,897,443,15,[1568]
1563,898,87,19,"[1547, 1555]"
1564,898,181,16,[1575]
1565,898,229,9,[]
1566,899,101,22,"[1560, 1574]"
1567,899,325,11,"[1557, 1576]"
1568,899,448,23,"[1562, 1569]"
1569,899,455,10,[1568]
1570,901,288,21,"[1552, 1580]"
1571,902,240,17,[]
1572,903,347,16,[1558]
1573,903,389,24,[1577]
1574,905,111,21,"[1566, 1579]"
1575,905,187,11,[1564]
1576,905,323,19,"[1557, 1567]"
1577,905,392,15,[1573]
1578,906,22,20,[1581]
1579,906,119,16,[1574]
1580,908,280,10,[1570]
1581,909,15,23,[1578]
1582,910,226,22,"[1587, 1592, 1593]"
1583,911,451,9,[1586]
1584,912,240,11,"[1587, 1604]"
1585,912,379,14,[]
1586,912,456,7,[1583]
1587,913,234,18,"[1582, 1584, 1593, 1600, 1602, 1604]"
1588,914,54,14,[]
1589,914,66,8,[1599]
1590,915,135,17,[]
1591,915,158,14,[1601]
1592,915,223,7,"[1582, 1600]"
1593,915,231,18,"[1582, 1587, 1600, 1602, 1604]"
1594,916,98,16,[1610]
1595,916,195,15,[]
1596,916,314,18,[1609]
1597,916,329,11,[1606]
1598,917,250,16,[1604]
1599,918,72,15,"[1589, 1618]"
1600,918,227,10,"[1587, 1592, 1593, 1602]"
1601,919,153,9,[1591]
1602,919,233,10,"[1587, 1593, 1600, 1604]"
1603,920,33,10,[1617]
1604,920,242,19,"[1584, 1587, 1593, 1598, 1602]"
1605,921,338,17,[1606]
1606,921,338,19,"[1597, 1605, 1625]"
1607,922,172,9,[]
1608,922,217,18,[1612]
1609,923,309,21,"[1596, 1623, 1624]"
1610,924,88,19,[1594]
1611,924,421,18,[]
1612,926,212,12,[1608]
1613,926,270,16,[]
1614,927,54,7,[1629]
1615,927,443,10,"[1620, 1621]"
1616,928,5,17,[]
1617,928,30,23,[1603]
1618,928,73,19,[1599]
1619,928,399,13,[]
1620,928,440,11,"[1615, 1621]"
1621,929,445,16,"[1615, 1620]"
1622,930,163,21,"[1638, 1640]"
1623,930,299,15,"[1609, 1633]"
1624,930,315,16,"[1609, 1633]"
1625,931,344,13,"[1606, 1631]"
1626,932,191,6,[]
1627,932,282,7,[]
1628,933,138,10,[]
1629,935,54,20,[1614]
1630,936,185,10,[]
1631,936,346,11,[1625]
1632,937,245,22,"[1643, 1644]"
1633,937,309,24,"[1623, 1624]"
1634,938,102,15,[]
1635,939,328,16,[1639]
1636,939,462,6,[]
1637,940,125,10,[]
1638,940,153,18,"[1622, 1640]"
1639,940,327,9,[1635]
1640,941,156,19,"[1622, 1638]"
1641,941,169,10,[]
1642,941,209,8,[]
1643,941,246,24,"[1632, 1644]"
1644,941,248,16,"[1632, 1643]"
1645,942,117,6,[]
1646,942,298,9,[]
1647,943,30,15,"[1648, 1649, 1659]"
1648,944,20,19,"[1647, 1649, 1655, 1658]"
1649,944,30,27,"[1647, 1648, 1659]"
1650,946,84,11,[]
1651,946,406,20,[1657]
1652,946,453,14,[1662]
1653,949,200,13,[]
1654,950,93,10,[]
1655,951,22,15,"[1648, 1658, 1659]"
1656,951,274,10,[]
1657,951,403,13,[1651]
1658,952,23,14,"[1648, 1655, 1659]"
1659,952,30,15,"[1647, 1649, 1655, 1658]"
1660,952,383,11,[]
1661,953,305,22,[1666]
1662,953,453,18,[1652]
1663,954,45,13,[]
1664,954,232,18,[1665]
1665,954,233,13,[1664]
1666,954,312,18,[1661]
1667,954,394,6,[]
1668,957,288,14,[]
1669,958,81,21,[1672]
1670,960,57,16,"[1671, 1675]"
1671,961,64,17,[1670]
1672,962,93,14,"[1669, 1679]"
1673,962,153,8,[]
1674,963,0,19,[1689]
1675,963,55,6,[1670]
1676,963,135,16,[]
1677,965,188,15,[1684]
1678,967,31,12,[]
1679,967,96,21,[1672]
1680,967,253,23,[]
1681,967,325,19,[1682]
1682,968,334,12,[1681]
1683,968,467,15,[]
1684,969,181,17,[1677]
1685,969,286,13,[1698]
1686,970,367,7,[1688]
1687,970,440,19,[]
1688,971,362,20,"[1686, 1692, 1694]"
1689,972,3,14,[1674]
1690,972,126,20,[]
1691,972,343,9,[]
1692,972,353,8,"[1688, 1693]"
1693,973,354,3,[1692]
1694,974,361,8,[1688]
1695,974,384,8,[]
1696,977,76,14,[]
1697,977,208,19,[]
1698,977,289,21,"[1685, 1699, 1705]"
1699,979,293,13,[1698]
1700,979,304,6,[]
1701,980,271,13,"[1704, 1705]"
1702,981,39,14,[1713]
1703,981,249,11,[]
1704,981,264,12,[1701]
1705,981,279,10,"[1698, 1701]"
1706,982,387,7,[]
1707,982,394,7,[]
1708,982,420,11,[]
1709,983,379,16,[1715]
1710,983,426,5,[]
1711,984,445,17,[1717]
1712,985,30,6,[]
1713,985,48,12,[1702]
1714,985,67,14,[1727]
1715,985,374,14,[1709]
1716,985,431,5,[]
1717,985,440,14,[1711]
1718,986,78,11,[]
1719,986,302,8,[1725]
1720,987,216,15,[]
1721,987,330,10,[]
1722,989,154,18,"[1728, 1742]"
1723,989,403,8,[1730]
1724,990,136,16,[]
1725,990,310,23,"[1719, 1731, 1732]"
1726,991,62,12,"[1727, 1737]"
1727,991,64,11,"[1714, 1726, 1737]"
1728,991,151,20,"[1722, 1742]"
1729,991,206,13,[1739]
1730,991,404,16,"[1723, 1741]"
1731,992,300,9,[1725]
1732,993,315,9,[1725]
1733,994,447,8,[]
1734,995,288,12,[1754]
1735,995,375,9,[]
1736,995,461,17,[]
1737,996,69,13,"[1726, 1727, 1749]"
1738,996,92,16,[]
1739,996,210,14,[1729]
1740,997,80,6,[]
1741,997,398,20,"[1730, 1746]"
1742,998,153,15,"[1722, 1728, 1762]"
1743,998,343,14,[]
1744,998,384,12,[1755]
1745,999,35,13,[]
1746,999,409,10,[1741]
1747,1000,186,7,[]
1748,1001,15,13,[]
1749,1002,66,13,[1737]
1750,1002,106,13,"[1751, 1757, 1759]"
1751,1002,111,15,"[1750, 1759, 1770]"
1752,1003,3,14,[]
1753,1003,198,14,[]
1754,1003,288,17,"[1734, 1763]"
1755,1004,384,13,"[1744, 1758]"
1756,1005,320,17,[1771]
1757,1006,103,11,"[1750, 1759]"
1758,1006,389,9,"[1755, 1774]"
1759,1007,110,18,"[1750, 1751, 1757, 1770, 1772]"
1760,1007,417,16,[]
1761,1007,448,11,[]
1762,1008,157,19,[1742]
1763,1008,288,12,[1754]
1764,1009,334,12,[1778]
1765,1009,357,15,[]
1766,1010,44,10,[]
1767,1010,55,13,[1786]
1768,1010,75,10,[]
1769,1010,401,22,[]
1770,1011,115,18,"[1751, 1759, 1772]"
1771,1011,315,26,[1756]
1772,1012,112,15,"[1759, 1770]"
1773,1013,127,12,[]
1774,1013,387,15,[1758]
1775,1013,427,16,[1782]
1776,1014,301,14,[1777]
1777,1015,299,9,[1776]
1778,1016,336,14,"[1764, 1798]"
1779,1018,375,17,[1788]
1780,1019,72,13,[]
1781,1019,136,3,[1787]
1782,1019,432,11,"[1775, 1797]"
1783,1021,244,13,[]
1784,1021,447,10,[]
1785,1022,49,10,"[1786, 1805]"
1786,1022,54,21,"[1767, 1785, 1805]"
1787,1022,131,15,"[1781, 1792, 1793, 1803]"
1788,1022,368,15,[1779]
1789,1023,176,2,[1804]
1790,1023,349,8,[1798]
1791,1023,385,10,[]
1792,1024,122,15,[1787]
1793,1024,134,10,"[1787, 1803]"
1794,1025,274,20,[1802]
1795,1025,330,14,[1798]
1796,1025,420,6,[]
1797,1025,433,10,[1782]
1798,1026,341,16,"[1778, 1790, 1795]"
1799,1027,297,13,[]
1800,1028,3,14,[]
1801,1029,192,13,[]
1802,1029,267,13,[1794]
1803,1030,132,8,"[1787, 1793]"
1804,1030,182,13,[1789]
1805,1031,46,21,"[1785, 1786]"
1806,1031,443,17,[1812]
1807,1033,86,12,[1824]
1808,1033,137,9,[]
1809,1034,199,9,[]
1810,1036,321,15,[1819]
1811,1037,380,14,[]
1812,1037,440,19,[1806]
1813,1038,176,13,"[1817, 1823, 1827]"
1814,1038,419,15,[]
1815,1039,31,8,[]
1816,1039,136,10,[]
1817,1039,178,15,"[1813, 1823, 1827]"
1818,1039,226,22,[]
1819,1039,334,20,[1810]
1820,1040,95,14,[1821]
1821,1040,99,6,[1820]
1822,1040,157,17,[1826]
1823,1040,184,15,"[1813, 1817, 1838]"
1824,1041,81,17,[1807]
1825,1041,119,12,"[1828, 1829]"
1826,1041,161,14,"[1822, 1833]"
1827,1042,174,6,"[1813, 1817]"
1828,1043,115,29,"[1825, 1829, 1837, 1846]"
1829,1044,118,14,"[1825, 1828, 1837, 1846]"
1830,1045,361,14,[]
1831,1046,446,8,[1848]
1832,1047,137,7,[]
1833,1047,169,8,[1826]
1834,1047,244,20,[1835]
1835,1047,254,12,[1834]
1836,1048,48,7,[]
1837,1048,109,17,"[1828, 1829, 1846]"
1838,1049,186,13,[1823]
1839,1050,323,14,[]
1840,1050,402,19,[]
1841,1051,21,12,[]
1842,1051,149,14,[]
1843,1051,431,20,"[1850, 1861]"
1844,1052,310,16,"[1845, 1853]"
1845,1052,311,13,"[1844, 1853]"
1846,1053,118,22,"[1828, 1829, 1837]"
1847,1053,230,17,[]
1848,1054,446,17,"[1831, 1851, 1854, 1860, 1861]"
1849,1055,34,19,[]
1850,1055,430,15,"[1843, 1861]"
1851,1056,454,12,"[1848, 1854, 1860]"
1852,1057,4,16,[]
1853,1057,316,9,"[1844, 1845]"
1854,1057,450,4,"[1848, 1851, 1860]"
1855,1058,66,13,"[1856, 1858]"
1856,1059,70,5,"[1855, 1858]"
1857,1059,418,17,[]
1858,1060,66,8,"[1855, 1856]"
1859,1060,150,7,[]
1860,1061,444,21,"[1848, 1851, 1854, 1861]"
1861,1062,437,17,"[1843, 1848, 1850, 1860]"
1862,1063,239,14,[]
1863,1063,313,4,[]
1864,1063,336,10,[1870]
1865,1064,463,13,[]
1866,1065,49,16,[]
1867,1065,198,16,[1869]
1868,1066,22,16,[]
1869,1066,201,20,"[1867, 1884, 1890]"
1870,1067,343,17,[1864]
1871,1067,393,19,[1873]
1872,1069,335,7,[]
1873,1069,396,8,[1871]
1874,1070,164,15,[]
1875,1071,357,24,[]
1876,1072,185,7,[]
1877,1072,418,12,[]
1878,1073,28,5,[]
1879,1073,120,12,[]
1880,1074,248,16,"[1887, 1891]"
1881,1075,175,16,[]
1882,1075,236,6,[1891]
1883,1077,379,5,[1886]
1884,1078,197,17,"[1869, 1890, 1894]"
1885,1078,285,3,"[1892, 1893]"
1886,1078,378,16,[1883]
1887,1079,249,9,[1880]
1888,1079,261,10,[]
1889,1080,68,22,[1898]
1890,1080,200,23,"[1869, 1884, 1894]"
1891,1080,238,16,"[1880, 1882]"
1892,1081,280,21,"[1885, 1893]"
1893,1081,287,15,"[1885, 1892]"
1894,1082,190,21,"[1884, 1890]"
1895,1082,425,3,[]
1896,1085,108,23,[1906]
1897,1085,457,16,[1919]
1898,1087,70,12,"[1889, 1903]"
1899,1087,299,18,"[1901, 1907]"
1900,1088,225,14,[1920]
1901,1088,306,13,"[1899, 1913]"
1902,1088,407,7,[]
1903,1091,73,18,"[1898, 1904]"
1904,1091,80,11,[1903]
1905,1091,155,17,"[1909, 1916]"
1906,1092,102,12,[1896]
1907,1092,299,12,[1899]
1908,1092,348,7,[]
1909,1093,150,7,[1905]
1910,1093,376,18,"[1915, 1918]"
1911,1094,288,10,[]
1912,1094,314,11,[1913]
1913,1094,315,20,"[1901, 1912]"
1914,1094,362,11,"[1917, 1918]"
1915,1094,385,21,[1910]
1916,1095,162,14,[1905]
1917,1095,355,10,[1914]
1918,1095,366,16,"[1910, 1914]"
1919,1095,451,16,"[1897, 1923, 1924]"
1920,1096,222,17,[1900]
1921,1096,241,12,"[1926, 1929]"
1922,1098,402,16,[1932]
1923,1098,445,15,"[1919, 1924]"
1924,1098,447,8,"[1919, 1923]"
1925,1100,113,19,[]
1926,1100,234,8,"[1921, 1929]"
1927,1101,128,21,"[1938, 1941, 1947]"
1928,1101,268,16,[]
1929,1102,236,12,"[1921, 1926]"
1930,1102,433,10,[]
1931,1103,465,16,[1944]
1932,1104,411,14,[1922]
1933,1104,425,11,[]
1934,1105,14,17,[1940]
1935,1105,148,9,[]
1936,1106,50,15,[1945]
1937,1107,31,8,[]
1938,1108,129,11,"[1927, 1941, 1947]"
1939,1108,303,7,[1952]
1940,1109,17,18,[1934]
1941,1109,125,11,"[1927, 1938, 1947, 1949]"
1942,1109,198,16,[]
1943,1109,288,14,[]
1944,1109,456,26,"[1931, 1950]"
1945,1112,50,15,[1936]
1946,1114,28,11,[1951]
1947,1114,124,17,"[1927, 1938, 1941, 1949]"
1948,1114,154,14,[]
1949,1115,117,15,"[1941, 1947]"
1950,1115,448,18,[1944]
1951,1116,36,17,[1946]
1952,1116,298,18,"[1939, 1961]"
1953,1117,171,13,[]
1954,1120,340,13,"[1957, 1962]"
1955,1120,434,14,[]
1956,1121,390,10,[]
1957,1122,340,4,"[1954, 1962]"
1958,1125,252,16,"[1972, 1973]"
1959,1126,210,11,[]
1960,1127,275,25,[]
1961,1127,305,19,"[1952, 1968]"
1962,1127,340,15,"[1954, 1957]"
1963,1128,131,12,[]
1964,1130,10,15,[]
1965,1130,405,22,[1974]
1966,1132,22,12,[1971]
1967,1132,68,25,"[1975, 1976]"
1968,1132,312,10,[1961]
1969,1133,423,18,[]
1970,1134,203,14,[]
1971,1135,23,17,[1966]
1972,1135,252,18,"[1958, 1973]"
1973,1135,256,15,"[1958, 1972]"
1974,1135,395,19,[1965]
1975,1136,64,14,[1967]
1976,1136,75,12,"[1967, 1978]"
1977,1137,171,15,[]
1978,1138,77,12,[1976]
1979,1139,353,11,[]
1980,1140,227,5,[1983]
1981,1140,322,20,[1991]
1982,1141,0,15,[]
1983,1141,229,18,"[1980, 1997, 2001]"
1984,1142,274,14,[1999]
1985,1143,45,13,"[1995, 1996]"
1986,1143,307,18,[]
1987,1144,178,8,[1993]
1988,1145,139,12,[]
1989,1146,57,13,[2000]
1990,1146,128,12,[]
1991,1146,320,18,[1981]
1992,1146,399,8,[]
1993,1147,172,12,[1987]
1994,1147,462,17,[]
1995,1148,45,12,"[1985, 1996]"
1996,1149,37,21,"[1985, 1995]"
1997,1149,224,11,"[1983, 2001]"
1998,1150,253,13,[]
1999,1150,276,17,"[1984, 2004, 2008]"
2000,1151,60,16,"[1989, 2010]"
2001,1151,229,17,"[1983, 1997]"
2002,1152,241,9,[]
2003,1153,197,12,[2012]
2004,1153,276,15,"[1999, 2008]"
2005,1153,291,10,[]
2006,1154,70,10,[2010]
2007,1154,338,21,"[2021, 2026]"
2008,1155,273,23,"[1999, 2004, 2023]"
2009,1155,424,12,[]
2010,1156,60,24,"[2000, 2006]"
2011,1156,81,5,[]
2012,1156,198,15,[2003]
2013,1156,449,12,[]
2014,1160,132,10,[2015]
2015,1160,132,10,[2014]
2016,1160,159,12,[]
2017,1161,54,9,[]
2018,1162,182,20,[2029]
2019,1163,467,18,[]
2020,1164,15,21,[2027]
2021,1164,335,13,"[2007, 2024, 2025, 2026]"
2022,1164,416,11,[]
2023,1165,279,19,[2008]
2024,1165,331,11,"[2021, 2025, 2026]"
2025,1166,332,24,"[2021, 2024, 2026, 2028]"
2026,1166,334,15,"[2007, 2021, 2024, 2025]"
2027,1167,19,14,[2020]
2028,1167,321,18,"[2025, 2030]"
2029,1168,176,14,[2018]
2030,1168,318,8,[2028]
2031,1168,369,5,[]
2032,1168,404,18,"[2037, 2044, 2048]"
2033,1169,204,25,[]
2034,1170,130,15,[2046]
2035,1170,247,14,[]
2036,1170,391,9,[]
2037,1170,399,12,"[2032, 2048]"
2038,1170,442,11,[]
2039,1171,220,10,[]
2040,1174,97,10,[]
2041,1174,256,9,[]
2042,1177,81,16,[]
2043,1177,168,13,[]
2044,1178,409,13,[2032]
2045,1179,115,18,[]
2046,1179,134,15,[2034]
2047,1180,270,25,[]
2048,1180,396,19,"[2032, 2037, 2053, 2062, 2067]"
2049,1180,439,17,[]
2050,1181,149,17,[2065]
2051,1181,353,10,[2054]
2052,1182,362,9,[]
2053,1182,390,9,[2048]
2054,1184,351,16,[2051]
2055,1184,376,20,"[2056, 2069]"
2056,1184,381,17,[2055]
2057,1185,332,21,[2068]
2058,1186,88,14,[2060]
2059,1187,305,13,[]
2060,1188,86,26,[2058]
2061,1188,186,17,[2070]
2062,1188,396,22,"[2048, 2067]"
2063,1188,432,14,[]
2064,1189,13,18,[]
2065,1189,142,9,[2050]
2066,1191,210,19,[]
2067,1191,398,18,"[2048, 2062]"
2068,1192,326,15,"[2057, 2080]"
2069,1193,367,17,"[2055, 2073, 2076]"
2070,1195,186,19,[2061]
2071,1195,265,19,[]
2072,1195,316,9,[]
2073,1197,361,9,"[2069, 2076]"
2074,1201,17,8,[]
2075,1201,287,7,[]
2076,1201,368,29,"[2069, 2073, 2092]"
2077,1202,127,13,[]
2078,1203,239,17,"[2082, 2084]"
2079,1203,248,5,"[2082, 2083]"
2080,1203,328,21,[2068]
2081,1204,208,16,[]
2082,1204,246,16,"[2078, 2079, 2083]"
2083,1204,250,22,"[2079, 2082]"
2084,1205,231,16,"[2078, 2097]"
2085,1205,311,6,[]
2086,1206,102,10,[2096]
2087,1206,381,10,[]
2088,1211,156,21,[2100]
2089,1211,180,16,[]
2090,1211,239,6,[]
2091,1211,310,9,[]
2092,1211,370,13,[2076]
2093,1212,194,20,"[2105, 2110]"
2094,1214,24,10,[]
2095,1215,52,14,[]
2096,1215,106,21,"[2086, 2102, 2112]"
2097,1215,221,23,"[2084, 2108]"
2098,1216,164,6,[]
2099,1217,267,21,[]
2100,1219,144,16,"[2088, 2104]"
2101,1219,340,17,[]
2102,1220,109,13,"[2096, 2112]"
2103,1220,466,9,[]
2104,1221,142,17,[2100]
2105,1221,193,16,"[2093, 2110]"
2106,1221,314,13,[2120]
2107,1222,91,15,[2119]
2108,1222,214,10,[2097]
2109,1223,14,8,[]
2110,1223,199,20,"[2093, 2105]"
2111,1223,412,15,[2127]
2112,1224,114,15,"[2096, 2102]"
2113,1226,290,12,[2114]
2114,1227,294,20,[2113]
2115,1227,398,14,[2126]
2116,1228,157,6,[]
2117,1228,349,15,[]
2118,1229,58,14,[2135]
2119,1229,97,16,[2107]
2120,1229,321,19,"[2106, 2142]"
2121,1229,368,19,[]
2122,1230,127,9,[2130]
2123,1230,239,18,[2132]
2124,1230,251,16,[]
2125,1230,385,7,[2126]
2126,1230,390,12,"[2115, 2125]"
2127,1230,415,12,[2111]
2128,1231,203,7,[]
2129,1231,302,6,[]
2130,1232,126,12,"[2122, 2139]"
2131,1233,169,12,[]
2132,1233,235,11,[2123]
2133,1233,443,18,"[2150, 2152]"
2134,1234,9,16,[2144]
2135,1236,63,16,"[2118, 2145]"
2136,1237,39,12,[2148]
2137,1237,51,21,"[2147, 2148]"
2138,1237,186,15,[2140]
2139,1238,130,25,[2130]
2140,1238,180,13,[2138]
2141,1238,205,12,[]
2142,1239,315,17,"[2120, 2146, 2151, 2161]"
2143,1240,112,17,[2155]
2144,1242,5,11,"[2134, 2156]"
2145,1242,68,22,[2135]
2146,1242,310,16,"[2142, 2161]"
2147,1243,46,12,"[2137, 2148]"
2148,1243,46,14,"[2136, 2137, 2147, 2157]"
2149,1243,234,15,[]
2150,1243,449,20,"[2133, 2152]"
2151,1244,324,15,[2142]
2152,1245,439,23,"[2133, 2150, 2163]"
2153,1246,101,6,[2155]
2154,1246,390,19,[]
2155,1247,108,19,"[2143, 2153]"
2156,1248,11,13,[2144]
2157,1249,56,14,"[2148, 2176]"
2158,1249,244,13,[]
2159,1249,294,6,[]
2160,1249,403,15,[]
2161,1250,310,18,"[2142, 2146, 2168, 2173, 2178]"
2162,1250,422,18,[2177]
2163,1250,437,21,"[2152, 2169]"
2164,1252,183,20,[2174]
2165,1252,264,17,[]
2166,1253,34,13,[]
2167,1253,297,11,[]
2168,1253,304,6,[2161]
2169,1254,430,5,[2163]
2170,1255,225,19,[2180]
2171,1256,80,14,[]
2172,1257,199,22,[2179]
2173,1257,310,11,"[2161, 2178]"
2174,1258,180,14,[2164]
2175,1258,285,10,[]
2176,1259,52,19,[2157]
2177,1259,422,10,[2162]
2178,1260,310,14,"[2161, 2173]"
2179,1261,200,10,"[2172, 2187]"
2180,1262,220,10,[2170]
2181,1263,410,17,[]
2182,1264,194,5,[2186]
2183,1264,328,15,[]
2184,1265,26,12,"[2188, 2192]"
2185,1266,135,10,[]
2186,1266,193,13,[2182]
2187,1266,202,12,[2179]
2188,1267,22,17,"[2184, 2192, 2199]"
2189,1267,155,12,"[2191, 2195]"
2190,1268,12,10,[2199]
2191,1268,148,17,"[2189, 2203]"
2192,1269,31,22,"[2184, 2188]"
2193,1270,209,7,[2208]
2194,1270,345,10,[]
2195,1271,161,14,"[2189, 2198]"
2196,1271,373,15,[]
2197,1272,103,11,[]
2198,1272,168,11,[2195]
2199,1273,19,15,"[2188, 2190, 2207]"
2200,1273,283,7,[2202]
2201,1274,74,19,[]
2202,1274,288,11,[2200]
2203,1275,142,16,[2191]
2204,1275,359,11,[]
2205,1276,334,9,[]
2206,1276,443,13,[]
2207,1277,12,13,"[2199, 2213]"
2208,1277,211,18,"[2193, 2211]"
2209,1281,99,12,[2216]
2210,1283,202,13,[]
2211,1283,216,21,[2208]
2212,1283,449,10,[]
2213,1284,10,22,"[2207, 2222]"
2214,1284,22,13,"[2215, 2222]"
2215,1286,24,10,[2214]
2216,1286,93,14,[2209]
2217,1286,327,11,[2220]
2218,1287,136,3,[2230]
2219,1287,169,17,[]
2220,1287,329,15,[2217]
2221,1288,109,13,[2233]
2222,1289,15,12,"[2213, 2214]"
2223,1289,52,21,[]
2224,1289,117,13,[2233]
2225,1290,186,11,[]
2226,1290,274,8,[]
2227,1291,467,15,[]
2228,1292,457,7,"[2236, 2237]"
2229,1293,130,16,[2230]
2230,1294,140,23,"[2229, 2218]"
2231,1294,318,3,[]
2232,1294,420,13,[]
2233,1295,112,16,"[2239, 2221, 2224]"
2234,1296,179,20,[]
2235,1296,255,9,[]
2236,1296,459,10,"[2228, 2237]"
2237,1296,461,21,"[2228, 2236, 2244, 2248]"
2238,1298,282,7,[]
2239,1303,114,16,"[2233, 2259, 2263]"
2240,1303,221,4,[]
2241,1303,293,8,[]
2242,1304,243,18,[2246]
2243,1304,436,14,[]
2244,1304,455,13,"[2237, 2248, 2254]"
2245,1305,46,15,"[2255, 2262]"
2246,1305,233,21,[2242]
2247,1305,348,15,[]
2248,1305,464,16,"[2237, 2244]"
2249,1307,6,14,[]
2250,1307,160,12,[]
2251,1308,183,11,[]
2252,1308,315,14,[2256]
2253,1309,139,13,[]
2254,1309,453,11,[2244]
2255,1310,44,20,"[2245, 2262]"
2256,1310,324,23,[2252]
2257,1311,274,14,[]
2258,1312,77,24,"[2269, 2275]"
2259,1312,107,17,"[2239, 2263, 2277]"
2260,1313,298,13,[2264]
2261,1313,409,17,[2267]
2262,1314,49,17,"[2245, 2255, 2282]"
2263,1314,109,19,"[2239, 2259, 2277]"
2264,1315,305,14,"[2260, 2280]"
2265,1316,211,14,"[2276, 2278, 2287]"
2266,1316,387,11,[]
2267,1316,402,13,[2261]
2268,1316,433,13,[]
2269,1317,87,10,"[2258, 2275]"
2270,1317,96,10,[]
2271,1318,63,15,[2286]
2272,1318,190,15,[]
2273,1318,229,13,[]
2274,1320,345,16,[]
2275,1321,81,15,"[2258, 2269]"
2276,1321,216,22,"[2265, 2278, 2287, 2295]"
2277,1322,111,15,"[2259, 2263]"
2278,1322,208,13,"[2265, 2276, 2287]"
2279,1323,23,18,[]
2280,1323,305,13,"[2264, 2297]"
2281,1323,361,18,[2290]
2282,1324,50,16,[2262]
2283,1324,264,8,[]
2284,1324,275,14,[]
2285,1324,398,11,[2292]
2286,1325,64,7,[2271]
2287,1325,215,17,"[2265, 2276, 2278, 2295]"
2288,1327,321,22,[]
2289,1328,286,18,"[2296, 2297]"
2290,1328,357,15,[2281]
2291,1328,466,15,[]
2292,1329,396,18,[2285]
2293,1330,156,21,[]
2294,1331,186,15,[]
2295,1332,214,18,"[2276, 2287]"
2296,1333,292,8,"[2289, 2297]"
2297,1333,299,19,"[2280, 2289, 2296, 2302]"
2298,1334,372,13,[]
2299,1337,332,8,[]
2300,1338,81,8,[]
2301,1338,349,20,"[2305, 2309]"
2302,1339,294,6,[2297]
2303,1340,107,23,[]
2304,1340,315,19,[]
2305,1341,354,7,"[2301, 2309]"
2306,1342,50,13,[]
2307,1343,159,11,[]
2308,1344,336,12,[]
2309,1346,354,10,"[2301, 2305]"
2310,1347,37,9,[]
2311,1347,364,5,[2316]
2312,1348,398,19,"[2314, 2317, 2320]"
2313,1349,190,18,[]
2314,1349,409,23,"[2312, 2317, 2320, 2327]"
2315,1349,443,14,[2324]
2316,1350,366,14,"[2311, 2323]"
2317,1350,409,21,"[2312, 2314, 2320, 2327]"
2318,1350,456,17,[]
2319,1351,119,17,[2326]
2320,1351,403,8,"[2312, 2314, 2317]"
2321,1352,55,21,[2325]
2322,1353,146,16,[]
2323,1353,363,3,[2316]
2324,1353,440,25,[2315]
2325,1354,61,16,[2321]
2326,1354,126,10,[2319]
2327,1354,412,12,"[2314, 2317]"
2328,1355,177,9,[]
2329,1356,426,21,[]
2330,1357,204,6,[]
2331,1360,18,13,[2336]
2332,1363,270,15,[]
2333,1365,62,15,[2337]
2334,1365,127,18,[2341]
2335,1365,303,19,[]
2336,1366,9,21,[2331]
2337,1366,60,10,[2333]
2338,1366,206,4,[]
2339,1366,227,15,[]
2340,1367,107,16,[]
2341,1367,137,14,[2334]
